0  0.5  20  30  0.11377 0.  0. 
0  0.5  30  50  0.127378 0.  0. 
0  0.5  50  100  0.12583 0.  0. 
0  0.5  100  200  0.135344 0.  0. 
0  0.5  200  1000  0.120519 0.  0. 
0.5  1  20  30  0.115014 0.  0. 
0.5  1  30  50  0.12988 0.  0. 
0.5  1  50  100  0.131077 0.  0. 
0.5  1  100  200  0.147561 0.  0. 
0.5  1  200  1000  0.140603 0.  0. 
1  1.5  20  30  0.102413 0.  0. 
1  1.5  30  50  0.124481 0.  0. 
1  1.5  50  100  0.124113 0.  0. 
1  1.5  100  200  0.135852 0.  0. 
1  1.5  200  1000  0.132433 0.  0. 
1.5  2  20  30  0.0911253 0.  0. 
1.5  2  30  50  0.121115 0.  0. 
1.5  2  50  100  0.121895 0.  0. 
1.5  2  100  200  0.133722 0.  0. 
1.5  2  200  1000  0.137617 0.  0. 
2  2.5  20  30  0.0643703 0.  0. 
2  2.5  30  50  0.0964134 0.  0. 
2  2.5  50  100  0.101503 0.  0. 
2  2.5  100  200  0.112493 0.  0. 
2  2.5  200  1000  0.114224 0.  0. 
