0  0.5  20  30  0.00154921 0.  0. 
0  0.5  30  50  0.00094799 0.  0. 
0  0.5  50  100  0.000780567 0.  0. 
0  0.5  100  200  0.00109089 0.  0. 
0  0.5  200  1000  0.0017864 0.  0. 
0.5  1  20  30  0.00152718 0.  0. 
0.5  1  30  50  0.000950969 0.  0. 
0.5  1  50  100  0.000840377 0.  0. 
0.5  1  100  200  0.00123017 0.  0. 
0.5  1  200  1000  0.00226313 0.  0. 
1  1.5  20  30  0.00141057 0.  0. 
1  1.5  30  50  0.000976308 0.  0. 
1  1.5  50  100  0.000728436 0.  0. 
1  1.5  100  200  0.001081 0.  0. 
1  1.5  200  1000  0.00261807 0.  0. 
1.5  2  20  30  0.0012105 0.  0. 
1.5  2  30  50  0.00104054 0.  0. 
1.5  2  50  100  0.000851519 0.  0. 
1.5  2  100  200  0.00141002 0.  0. 
1.5  2  200  1000  0.00269971 0.  0. 
2  2.5  20  30  0.00142872 0.  0. 
2  2.5  30  50  0.00175247 0.  0. 
2  2.5  50  100  0.00124434 0.  0. 
2  2.5  100  200  0.00161689 0.  0. 
2  2.5  200  1000  0.00350385 0.  0. 
