0  0.5  20  30  0.0248428 0.  0. 
0  0.5  30  50  0.0238311 0.  0. 
0  0.5  50  100  0.022075 0.  0. 
0  0.5  100  200  0.0268034 0.  0. 
0  0.5  200  1000  0.0262465 0.  0. 
0.5  1  20  30  0.0211986 0.  0. 
0.5  1  30  50  0.0222702 0.  0. 
0.5  1  50  100  0.0221727 0.  0. 
0.5  1  100  200  0.0295236 0.  0. 
0.5  1  200  1000  0.0307921 0.  0. 
1  1.5  20  30  0.0193749 0.  0. 
1  1.5  30  50  0.0210311 0.  0. 
1  1.5  50  100  0.0214768 0.  0. 
1  1.5  100  200  0.0249471 0.  0. 
1  1.5  200  1000  0.0256209 0.  0. 
1.5  2  20  30  0.0158714 0.  0. 
1.5  2  30  50  0.0193518 0.  0. 
1.5  2  50  100  0.0212589 0.  0. 
1.5  2  100  200  0.0243605 0.  0. 
1.5  2  200  1000  0.0256023 0.  0. 
2  2.5  20  30  0.0114424 0.  0. 
2  2.5  30  50  0.0157593 0.  0. 
2  2.5  50  100  0.0167508 0.  0. 
2  2.5  100  200  0.0199845 0.  0. 
2  2.5  200  1000  0.0225809 0.  0. 
