0  0.5  20  30  0.00894494 0.  0. 
0  0.5  30  50  0.00748385 0.  0. 
0  0.5  50  100  0.00560799 0.  0. 
0  0.5  100  200  0.00614532 0.  0. 
0  0.5  200  1000  0.0101597 0.  0. 
0.5  1  20  30  0.0104237 0.  0. 
0.5  1  30  50  0.00894562 0.  0. 
0.5  1  50  100  0.00697322 0.  0. 
0.5  1  100  200  0.00764772 0.  0. 
0.5  1  200  1000  0.0129528 0.  0. 
1  1.5  20  30  0.0109956 0.  0. 
1  1.5  30  50  0.0105454 0.  0. 
1  1.5  50  100  0.00764259 0.  0. 
1  1.5  100  200  0.00901132 0.  0. 
1  1.5  200  1000  0.0187402 0.  0. 
1.5  2  20  30  0.0117551 0.  0. 
1.5  2  30  50  0.0135946 0.  0. 
1.5  2  50  100  0.0102636 0.  0. 
1.5  2  100  200  0.0132415 0.  0. 
1.5  2  200  1000  0.0239979 0.  0. 
2  2.5  20  30  0.0105387 0.  0. 
2  2.5  30  50  0.0149682 0.  0. 
2  2.5  50  100  0.0130756 0.  0. 
2  2.5  100  200  0.0169101 0.  0. 
2  2.5  200  1000  0.0267854 0.  0. 
