0  0.5  20  30  0.0694296 0.  0. 
0  0.5  30  50  0.0610505 0.  0. 
0  0.5  50  100  0.0460136 0.  0. 
0  0.5  100  200  0.0472838 0.  0. 
0  0.5  200  1000  0.0733331 0.  0. 
0.5  1  20  30  0.0877472 0.  0. 
0.5  1  30  50  0.0802964 0.  0. 
0.5  1  50  100  0.0618348 0.  0. 
0.5  1  100  200  0.0628584 0.  0. 
0.5  1  200  1000  0.0955602 0.  0. 
1  1.5  20  30  0.129125 0.  0. 
1  1.5  30  50  0.107156 0.  0. 
1  1.5  50  100  0.0777364 0.  0. 
1  1.5  100  200  0.0862036 0.  0. 
1  1.5  200  1000  0.136275 0.  0. 
1.5  2  20  30  0.149245 0.  0. 
1.5  2  30  50  0.130717 0.  0. 
1.5  2  50  100  0.103545 0.  0. 
1.5  2  100  200  0.128263 0.  0. 
1.5  2  200  1000  0.176373 0.  0. 
2  2.5  20  30  0.171471 0.  0. 
2  2.5  30  50  0.150275 0.  0. 
2  2.5  50  100  0.145195 0.  0. 
2  2.5  100  200  0.166121 0.  0. 
2  2.5  200  1000  0.209367 0.  0. 
