-2.5  -1.5  20  30  0 0.  0. 
-2.5  -1.5  30  50  0.329094 0.  0. 
-2.5  -1.5  50  100  0.352431 0.  0. 
-2.5  -1.5  100  200  0.387037 0.  0. 
-2.5  -1.5  200  1000  0.384615 0.  0. 
-1.5  -0.5  20  30  0 0.  0. 
-1.5  -0.5  30  50  0.372129 0.  0. 
-1.5  -0.5  50  100  0.370897 0.  0. 
-1.5  -0.5  100  200  0.339686 0.  0. 
-1.5  -0.5  200  1000  0.370821 0.  0. 
-0.5  0.5  20  30  0 0.  0. 
-0.5  0.5  30  50  0.315861 0.  0. 
-0.5  0.5  50  100  0.316412 0.  0. 
-0.5  0.5  100  200  0.315634 0.  0. 
-0.5  0.5  200  1000  0.354005 0.  0. 
0.5  1.5  20  30  0 0.  0. 
0.5  1.5  30  50  0.334544 0.  0. 
0.5  1.5  50  100  0.349748 0.  0. 
0.5  1.5  100  200  0.353779 0.  0. 
0.5  1.5  200  1000  0.387283 0.  0. 
1.5  2.5  20  30  0 0.  0. 
1.5  2.5  30  50  0.322934 0.  0. 
1.5  2.5  50  100  0.328901 0.  0. 
1.5  2.5  100  200  0.385356 0.  0. 
1.5  2.5  200  1000  0.419118 0.  0. 
