0  0.5  20  30  0.325128 0.  0. 
0  0.5  30  50  0.367997 0.  0. 
0  0.5  50  100  0.374591 0.  0. 
0  0.5  100  200  0.370547 0.  0. 
0  0.5  200  1000  0.35251 0.  0. 
0.5  1  20  30  0.347101 0.  0. 
0.5  1  30  50  0.394475 0.  0. 
0.5  1  50  100  0.399198 0.  0. 
0.5  1  100  200  0.399684 0.  0. 
0.5  1  200  1000  0.392436 0.  0. 
1  1.5  20  30  0.329367 0.  0. 
1  1.5  30  50  0.380172 0.  0. 
1  1.5  50  100  0.384599 0.  0. 
1  1.5  100  200  0.394296 0.  0. 
1  1.5  200  1000  0.402446 0.  0. 
1.5  2  20  30  0.307611 0.  0. 
1.5  2  30  50  0.367237 0.  0. 
1.5  2  50  100  0.378989 0.  0. 
1.5  2  100  200  0.403489 0.  0. 
1.5  2  200  1000  0.424239 0.  0. 
2  2.5  20  30  0.261871 0.  0. 
2  2.5  30  50  0.330622 0.  0. 
2  2.5  50  100  0.361046 0.  0. 
2  2.5  100  200  0.377488 0.  0. 
2  2.5  200  1000  0.413992 0.  0. 
