-2.5  -1.5  20  30  0 0.  0. 
-2.5  -1.5  30  50  0.13924 0.  0. 
-2.5  -1.5  50  100  0.142759 0.  0. 
-2.5  -1.5  100  200  0.158325 0.  0. 
-2.5  -1.5  200  1000  0.19417 0.  0. 
-1.5  -0.5  20  30  0 0.  0. 
-1.5  -0.5  30  50  0.109001 0.  0. 
-1.5  -0.5  50  100  0.0907141 0.  0. 
-1.5  -0.5  100  200  0.0999877 0.  0. 
-1.5  -0.5  200  1000  0.124635 0.  0. 
-0.5  0.5  20  30  0 0.  0. 
-0.5  0.5  30  50  0.0744982 0.  0. 
-0.5  0.5  50  100  0.0602985 0.  0. 
-0.5  0.5  100  200  0.0603135 0.  0. 
-0.5  0.5  200  1000  0.0789727 0.  0. 
0.5  1.5  20  30  0 0.  0. 
0.5  1.5  30  50  0.104366 0.  0. 
0.5  1.5  50  100  0.0915436 0.  0. 
0.5  1.5  100  200  0.0978046 0.  0. 
0.5  1.5  200  1000  0.129929 0.  0. 
1.5  2.5  20  30  0 0.  0. 
1.5  2.5  30  50  0.135301 0.  0. 
1.5  2.5  50  100  0.125778 0.  0. 
1.5  2.5  100  200  0.157035 0.  0. 
1.5  2.5  200  1000  0.179104 0.  0. 
