0  0.5  20  30  0.745982 0.  0. 
0  0.5  30  50  0.820312 0.  0. 
0  0.5  50  100  0.85066 0.  0. 
0  0.5  100  200  0.853339 0.  0. 
0  0.5  200  1000  0.816051 0.  0. 
0.5  1  20  30  0.755435 0.  0. 
0.5  1  30  50  0.829978 0.  0. 
0.5  1  50  100  0.859495 0.  0. 
0.5  1  100  200  0.862066 0.  0. 
0.5  1  200  1000  0.830535 0.  0. 
1  1.5  20  30  0.724998 0.  0. 
1  1.5  30  50  0.809623 0.  0. 
1  1.5  50  100  0.838132 0.  0. 
1  1.5  100  200  0.841206 0.  0. 
1  1.5  200  1000  0.808319 0.  0. 
1.5  2  20  30  0.688468 0.  0. 
1.5  2  30  50  0.787109 0.  0. 
1.5  2  50  100  0.81767 0.  0. 
1.5  2  100  200  0.822408 0.  0. 
1.5  2  200  1000  0.793412 0.  0. 
2  2.5  20  30  0.581363 0.  0. 
2  2.5  30  50  0.704146 0.  0. 
2  2.5  50  100  0.760489 0.  0. 
2  2.5  100  200  0.758305 0.  0. 
2  2.5  200  1000  0.739447 0.  0. 
