0  0.5  20  30  0.342543 0.  0. 
0  0.5  30  50  0.444047 0.  0. 
0  0.5  50  100  0.473483 0.  0. 
0  0.5  100  200  0.468863 0.  0. 
0  0.5  200  1000  0.366163 0.  0. 
0.5  1  20  30  0.325211 0.  0. 
0.5  1  30  50  0.430484 0.  0. 
0.5  1  50  100  0.469801 0.  0. 
0.5  1  100  200  0.475359 0.  0. 
0.5  1  200  1000  0.381961 0.  0. 
1  1.5  20  30  0.276567 0.  0. 
1  1.5  30  50  0.384205 0.  0. 
1  1.5  50  100  0.423531 0.  0. 
1  1.5  100  200  0.414127 0.  0. 
1  1.5  200  1000  0.310728 0.  0. 
1.5  2  20  30  0.238742 0.  0. 
1.5  2  30  50  0.351543 0.  0. 
1.5  2  50  100  0.397141 0.  0. 
1.5  2  100  200  0.372354 0.  0. 
1.5  2  200  1000  0.265303 0.  0. 
2  2.5  20  30  0.165662 0.  0. 
2  2.5  30  50  0.270888 0.  0. 
2  2.5  50  100  0.310468 0.  0. 
2  2.5  100  200  0.28716 0.  0. 
2  2.5  200  1000  0.204881 0.  0. 
