0  0.5  20  30  0.543802 0.  0. 
0  0.5  30  50  0.649675 0.  0. 
0  0.5  50  100  0.68978 0.  0. 
0  0.5  100  200  0.688745 0.  0. 
0  0.5  200  1000  0.604738 0.  0. 
0.5  1  20  30  0.544981 0.  0. 
0.5  1  30  50  0.652276 0.  0. 
0.5  1  50  100  0.695481 0.  0. 
0.5  1  100  200  0.698505 0.  0. 
0.5  1  200  1000  0.62153 0.  0. 
1  1.5  20  30  0.496808 0.  0. 
1  1.5  30  50  0.614984 0.  0. 
1  1.5  50  100  0.653582 0.  0. 
1  1.5  100  200  0.647747 0.  0. 
1  1.5  200  1000  0.56153 0.  0. 
1.5  2  20  30  0.452272 0.  0. 
1.5  2  30  50  0.58225 0.  0. 
1.5  2  50  100  0.620485 0.  0. 
1.5  2  100  200  0.604089 0.  0. 
1.5  2  200  1000  0.515484 0.  0. 
2  2.5  20  30  0.331348 0.  0. 
2  2.5  30  50  0.471677 0.  0. 
2  2.5  50  100  0.516796 0.  0. 
2  2.5  100  200  0.498857 0.  0. 
2  2.5  200  1000  0.4317 0.  0. 
