-2.5  -1.5  20  30  0 0.  0. 
-2.5  -1.5  30  50  0.758761 0.  0. 
-2.5  -1.5  50  100  0.802389 0.  0. 
-2.5  -1.5  100  200  0.807161 0.  0. 
-2.5  -1.5  200  1000  0.762763 0.  0. 
-1.5  -0.5  20  30  0 0.  0. 
-1.5  -0.5  30  50  0.82541 0.  0. 
-1.5  -0.5  50  100  0.853816 0.  0. 
-1.5  -0.5  100  200  0.861724 0.  0. 
-1.5  -0.5  200  1000  0.83345 0.  0. 
-0.5  0.5  20  30  0 0.  0. 
-0.5  0.5  30  50  0.826012 0.  0. 
-0.5  0.5  50  100  0.854067 0.  0. 
-0.5  0.5  100  200  0.863901 0.  0. 
-0.5  0.5  200  1000  0.834763 0.  0. 
0.5  1.5  20  30  0 0.  0. 
0.5  1.5  30  50  0.822759 0.  0. 
0.5  1.5  50  100  0.854396 0.  0. 
0.5  1.5  100  200  0.865222 0.  0. 
0.5  1.5  200  1000  0.829643 0.  0. 
1.5  2.5  20  30  0 0.  0. 
1.5  2.5  30  50  0.76845 0.  0. 
1.5  2.5  50  100  0.804531 0.  0. 
1.5  2.5  100  200  0.804709 0.  0. 
1.5  2.5  200  1000  0.767551 0.  0. 
