0 0.9 26 30 0.995192 0.000522468 0.000522468
0 0.9 30 40 0.995368 0.000344577 0.000344577
0 0.9 40 50 0.995997 0.000164146 0.000164146
0 0.9 50 60 0.995695 0.000461782 0.000461782
0 0.9 60 120 0.996066 0.000486474 0.000486474
0 0.9 120 200 0.995364 0.00251377 0.00251377
0.9 1.2 26 30 0.994364 0.00114453 0.00114453
0.9 1.2 30 40 0.996559 0.0005774 0.0005774
0.9 1.2 40 50 0.995831 0.000253121 0.000253121
0.9 1.2 50 60 0.995689 0.000515438 0.000515438
0.9 1.2 60 120 0.99526 0.000741236 0.000741236
0.9 1.2 120 200 1.00185 0.00451004 0.00451004
1.2 2.1 26 30 0.995197 0.0011511 0.0011511
1.2 2.1 30 40 0.995133 0.000419976 0.000419976
1.2 2.1 40 50 0.995247 0.00054483 0.00054483
1.2 2.1 50 60 0.996278 0.000687933 0.000687933
1.2 2.1 60 120 0.996026 0.00144749 0.00144749
1.2 2.1 120 200 0.994242 0.00564074 0.00564074
2.1 2.4 26 30 0.979529 0.00251685 0.00251685
2.1 2.4 30 40 0.983392 0.00132176 0.00132176
2.1 2.4 40 50 0.984808 0.000762854 0.000762854
2.1 2.4 50 60 0.986508 0.00204339 0.00204339
2.1 2.4 60 120 0.986522 0.00321537 0.00321537
2.1 2.4 120 200 1.0088 0.017566 0.017566
