0 0.9 26 30 0.995714 0 0
0 0.9 30 40 0.995713 0 0
0 0.9 40 50 0.996162 0 0
0 0.9 50 60 0.996157 0 0
0 0.9 60 120 0.996553 0 0
0 0.9 120 200 0.997878 0 0
0.9 1.2 26 30 0.995509 0 0
0.9 1.2 30 40 0.997137 0 0
0.9 1.2 40 50 0.996084 0 0
0.9 1.2 50 60 0.996205 0 0
0.9 1.2 60 120 0.996002 0 0
0.9 1.2 120 200 1.00636 0 0
1.2 2.1 26 30 0.996349 0 0
1.2 2.1 30 40 0.995553 0 0
1.2 2.1 40 50 0.995791 0 0
1.2 2.1 50 60 0.996966 0 0
1.2 2.1 60 120 0.997473 0 0
1.2 2.1 120 200 0.999882 0 0
2.1 2.4 26 30 0.982046 0 0
2.1 2.4 30 40 0.984714 0 0
2.1 2.4 40 50 0.985571 0 0
2.1 2.4 50 60 0.988551 0 0
2.1 2.4 60 120 0.989737 0 0
2.1 2.4 120 200 1.02636 0 0
