0 0.9 26 30 0.994669 0 0
0 0.9 30 40 0.995024 0 0
0 0.9 40 50 0.995833 0 0
0 0.9 50 60 0.995233 0 0
0 0.9 60 120 0.99558 0 0
0 0.9 120 200 0.99285 0 0
0.9 1.2 26 30 0.99322 0 0
0.9 1.2 30 40 0.995982 0 0
0.9 1.2 40 50 0.995578 0 0
0.9 1.2 50 60 0.995174 0 0
0.9 1.2 60 120 0.994519 0 0
0.9 1.2 120 200 0.997338 0 0
1.2 2.1 26 30 0.994046 0 0
1.2 2.1 30 40 0.994713 0 0
1.2 2.1 40 50 0.994702 0 0
1.2 2.1 50 60 0.99559 0 0
1.2 2.1 60 120 0.994578 0 0
1.2 2.1 120 200 0.988601 0 0
2.1 2.4 26 30 0.977012 0 0
2.1 2.4 30 40 0.98207 0 0
2.1 2.4 40 50 0.984046 0 0
2.1 2.4 50 60 0.984465 0 0
2.1 2.4 60 120 0.983306 0 0
2.1 2.4 120 200 0.991232 0 0
