0.0 0.9 25.0 30.0 0.9919877648353577 0.016518798430169557 0.016518798430169557
0.0 0.9 30.0 40.0 0.9976715445518494 0.00027511047633828106 0.00027511047633828106
0.0 0.9 60.0 120. 1.0038774013519287 0.0019366817227833226 0.0019366817227833226
0.0 0.9 20.0 25.0 0.9918506145477295 0.002881852763771505 0.002881852763771505
0.0 0.9 40.0 50.0 0.9943295121192932 0.00021722738028983506 0.00021722738028983506
0.0 0.9 50.0 60.0 0.9909002184867859 0.0007706975561583897 0.0007706975561583897
1.2 2.1 25.0 30.0 0.9816433787345886 0.0007854753224634207 0.0007854753224634207
1.2 2.1 30.0 40.0 0.9847559332847595 0.01838838158064737 0.01838838158064737
1.2 2.1 60.0 120. 0.9910481572151184 0.0019613155813067757 0.0019613155813067757
1.2 2.1 20.0 25.0 0.9823899865150452 0.001647571052089224 0.001647571052089224
1.2 2.1 40.0 50.0 0.9890708923339844 0.00024719507757674214 0.00024719507757674214
1.2 2.1 50.0 60.0 0.9875274300575256 0.0008142100741659162 0.0008142100741659162
2.1 2.4 25.0 30.0 0.9395685791969299 0.0015977931417512597 0.0015977931417512597
2.1 2.4 30.0 40.0 0.9403879046440125 0.0008572278763394559 0.0008572278763394559
2.1 2.4 60.0 120. 0.9478592276573181 0.005439963592034178 0.005439963592034178
2.1 2.4 20.0 25.0 0.9409470558166504 0.0027989046372412013 0.0027989046372412013
2.1 2.4 40.0 50.0 0.942786693572998 0.0008399741711022414 0.0008399741711022414
2.1 2.4 50.0 60.0 0.9434888362884521 0.002540973874323162 0.002540973874323162
0.9 1.2 25.0 30.0 0.9839190244674683 0.0014636275147945012 0.0014636275147945012
0.9 1.2 30.0 40.0 0.9896567463874817 0.001397170642046033 0.001397170642046033
0.9 1.2 60.0 120. 0.990418553352356 0.0025800780277637583 0.0025800780277637583
0.9 1.2 20.0 25.0 0.9874537587165833 0.003292075829538295 0.003292075829538295
0.9 1.2 40.0 50.0 0.9915696382522583 0.0003550179177478803 0.0003550179177478803
0.9 1.2 50.0 60.0 0.9909276366233826 0.0011086452293674182 0.0011086452293674182

