0.000000   0.900000   20.000000   25.000000   0.993173   0.002642   0.002642
0.000000   0.900000   25.000000   30.000000   0.986990   0.046316   0.046316
0.000000   0.900000   30.000000   40.000000   0.987596   0.000369   0.000369
0.000000   0.900000   40.000000   50.000000   0.989777   0.000300   0.000300
0.000000   0.900000   50.000000   60.000000   0.984749   0.000785   0.000785
0.000000   0.900000   60.000000   120.000000   0.991370   0.001626   0.001626
0.900000   1.200000   20.000000   25.000000   0.985596   0.015529   0.015529
0.900000   1.200000   25.000000   30.000000   0.984686   0.001699   0.001699
0.900000   1.200000   30.000000   40.000000   0.983914   0.000600   0.000600
0.900000   1.200000   40.000000   50.000000   0.983265   0.000467   0.000467
0.900000   1.200000   50.000000   60.000000   0.980582   0.001423   0.001423
0.900000   1.200000   60.000000   120.000000   0.983879   0.002968   0.002968
1.200000   2.100000   20.000000   25.000000   0.990863   0.001871   0.001871
1.200000   2.100000   25.000000   30.000000   0.990917   0.000941   0.000941
1.200000   2.100000   30.000000   40.000000   0.992066   0.020594   0.020594
1.200000   2.100000   40.000000   50.000000   0.993847   0.000274   0.000274
1.200000   2.100000   50.000000   60.000000   0.985655   0.001019   0.001019
1.200000   2.100000   60.000000   120.000000   0.988584   0.002380   0.002380
2.100000   2.400000   20.000000   25.000000   0.981501   0.003092   0.003092
2.100000   2.400000   25.000000   30.000000   0.979109   0.053287   0.053287
2.100000   2.400000   30.000000   40.000000   0.971526   0.002042   0.002042
2.100000   2.400000   40.000000   50.000000   0.974776   0.006083   0.006083
2.100000   2.400000   50.000000   60.000000   0.967651   0.002817   0.002817
2.100000   2.400000   60.000000   120.000000   0.963199   0.005718   0.005718
