0.000000   0.900000   26.000000   30.000000   0.974930   0.000984   0.000984
0.000000   0.900000   30.000000   40.000000   0.978400   0.000323   0.000323
0.000000   0.900000   40.000000   50.000000   0.978602   0.000252   0.000252
0.000000   0.900000   50.000000   60.000000   0.979472   0.000549   0.000549
0.000000   0.900000   60.000000   120.000000   0.976239   0.000988   0.000988
0.000000   0.900000   120.000000   200.000000   0.971637   0.005782   0.005782
0.000000   0.900000   200.000000   500.000000   0.974591   0.008595   0.008595
0.900000   1.200000   26.000000   30.000000   0.951008   0.002167   0.002167
0.900000   1.200000   30.000000   40.000000   0.961095   0.000567   0.000567
0.900000   1.200000   40.000000   50.000000   0.962331   0.000376   0.000376
0.900000   1.200000   50.000000   60.000000   0.962257   0.000797   0.000797
0.900000   1.200000   60.000000   120.000000   0.959941   0.001296   0.001296
0.900000   1.200000   120.000000   200.000000   0.940402   0.006504   0.006504
0.900000   1.200000   200.000000   500.000000   0.927055   0.019906   0.019906
1.200000   2.100000   26.000000   30.000000   0.981343   0.001802   0.001802
1.200000   2.100000   30.000000   40.000000   0.994604   0.000608   0.000608
1.200000   2.100000   40.000000   50.000000   0.996797   0.000422   0.000422
1.200000   2.100000   50.000000   60.000000   0.996425   0.000894   0.000894
1.200000   2.100000   60.000000   120.000000   0.995473   0.001416   0.001416
1.200000   2.100000   120.000000   200.000000   1.005873   0.009043   0.009043
1.200000   2.100000   200.000000   500.000000   0.970003   0.030507   0.030507
2.100000   2.400000   26.000000   30.000000   0.899932   0.003727   0.003727
2.100000   2.400000   30.000000   40.000000   0.941213   0.001360   0.001360
2.100000   2.400000   40.000000   50.000000   0.953082   0.001085   0.001085
2.100000   2.400000   50.000000   60.000000   0.954931   0.002344   0.002344
2.100000   2.400000   60.000000   120.000000   0.943909   0.003811   0.003811
2.100000   2.400000   120.000000   200.000000   0.972007   0.037981   0.037981
2.100000   2.400000   200.000000   500.000000   0.903481   0.275851   0.275851
