0.0 0.9 25.0 30.0 0.9986177682876587 0.0009274138451031302 0.0009274138451031302
0.0 0.9 30.0 40.0 0.9996036887168884 0.0002349116458855804 0.0002349116458855804
0.0 0.9 60.0 120. 1.0010186433792114 0.0010420100586961262 0.0010420100586961262
0.0 0.9 20.0 25.0 0.9988544583320618 0.002620459224722078 0.002620459224722078
0.0 0.9 40.0 50.0 1.0000452995300293 0.0001346285764860902 0.0001346285764860902
0.0 0.9 50.0 60.0 0.9964639544487 0.0007135658283751831 0.0007135658283751831
1.2 2.1 25.0 30.0 0.9988446235656738 0.0007211703961572928 0.0007211703961572928
1.2 2.1 30.0 40.0 0.9998903274536133 0.00023225503482792614 0.00023225503482792614
1.2 2.1 60.0 120. 1.00063955783844 0.0017810720272219765 0.0017810720272219765
1.2 2.1 20.0 25.0 1.0006859302520752 0.0014988012079694905 0.0014988012079694905
1.2 2.1 40.0 50.0 1.0013058185577393 0.00019380557138511906 0.00019380557138511906
1.2 2.1 50.0 60.0 0.9970436096191406 0.0007521037782517697 0.0007521037782517697
2.1 2.4 25.0 30.0 0.9952967166900635 0.0012724560742118543 0.0012724560742118543
2.1 2.4 30.0 40.0 0.9941646456718445 0.00046212267900349794 0.00046212267900349794
2.1 2.4 60.0 120. 0.9940686821937561 0.005041536243183301 0.005041536243183301
2.1 2.4 20.0 25.0 0.9989991188049316 0.0024800433088898663 0.0024800433088898663
2.1 2.4 40.0 50.0 0.9958854913711548 0.001999678868791044 0.001999678868791044
2.1 2.4 50.0 60.0 0.9950470924377441 0.0019241766143928759 0.0019241766143928759
0.9 1.2 25.0 30.0 0.994640052318573 0.0013424818206316084 0.0013424818206316084
0.9 1.2 30.0 40.0 0.9966328740119934 0.001036553881814731 0.001036553881814731
0.9 1.2 60.0 120. 0.9941654205322266 0.002494128732853912 0.002494128732853912
0.9 1.2 20.0 25.0 1.0004130601882935 0.003151764888046038 0.003151764888046038
0.9 1.2 40.0 50.0 0.9968463778495789 0.00026384434669587313 0.00026384434669587313
0.9 1.2 50.0 60.0 0.9947446584701538 0.0009938394447053867 0.0009938394447053867

