0.000000   0.200000   20.000000   120.000000   0.994700   0.000099   0.000099
0.200000   0.400000   20.000000   120.000000   0.996051   0.000111   0.000110
0.400000   0.600000   20.000000   120.000000   0.996709   0.000096   0.000096
0.600000   0.800000   20.000000   120.000000   0.996475   0.000100   0.000099
0.800000   1.000000   20.000000   120.000000   0.996685   0.000146   0.000146
1.000000   1.200000   20.000000   120.000000   0.996020   0.000269   0.000269
1.200000   1.400000   20.000000   120.000000   0.994277   0.000239   0.000239
1.400000   1.600000   20.000000   120.000000   0.993559   0.000221   0.000222
1.600000   1.800000   20.000000   120.000000   0.992885   0.000230   0.000231
1.800000   2.000000   20.000000   120.000000   0.991228   0.000295   0.000294
2.000000   2.200000   20.000000   120.000000   0.987605   0.000441   0.000443
2.200000   2.400000   20.000000   120.000000   0.975294   0.001176   0.001192
