0.0   0.9   0.0   0.9   0.906839   0.002410   0.002410 
0.0   0.9   0.9   1.2   0.924612   0.003897   0.003897 
0.0   0.9   1.2   2.1   0.927622   0.002917   0.002917 
0.0   0.9   2.1   2.4   0.911030   0.007074   0.007074 
0.9   1.2   0.0   0.9   0.926812   0.003709   0.003709 
0.9   1.2   0.9   1.2   0.946094   0.005444   0.005444 
0.9   1.2   1.2   2.1   0.948630   0.004307   0.004307 
0.9   1.2   2.1   2.4   0.909105   0.010175   0.010175 
1.2   2.1   0.0   0.9   0.927354   0.002794   0.002794 
1.2   2.1   0.9   1.2   0.945103   0.004352   0.004352 
1.2   2.1   1.2   2.1   0.953697   0.002925   0.002925 
1.2   2.1   2.1   2.4   0.928622   0.005969   0.005969 
2.1   2.4   0.0   0.9   0.922142   0.006767   0.006767 
2.1   2.4   0.9   1.2   0.906459   0.008992   0.008992 
2.1   2.4   1.2   2.1   0.927629   0.006066   0.006066 
2.1   2.4   2.1   2.4   0.916314   0.010837   0.010837 
