0.0   0.9   15   20   0.989664   1.0   1.0 
0.0   0.9   20   25   0.994829   1.0   1.0 
0.0   0.9   25   30   0.991511   1.0   1.0 
0.0   0.9   30   40   0.995604   1.0   1.0 
0.0   0.9   40   50   0.996983   1.0   1.0 
0.0   0.9   50   60   0.997197   1.0   1.0 
0.0   0.9   60   120   0.99902   1.0   1.0 
0.9   1.2   15   20   1.00199   1.0   1.0 
0.9   1.2   20   25   1.00037   1.0   1.0 
0.9   1.2   25   30   1.00337   1.0   1.0 
0.9   1.2   30   40   1.00055   1.0   1.0 
0.9   1.2   40   50   0.997945   1.0   1.0 
0.9   1.2   50   60   0.999615   1.0   1.0 
0.9   1.2   60   120   1.00004   1.0   1.0 
1.2   2.1   15   20   1.0033   1.0   1.0 
1.2   2.1   20   25   1.00705   1.0   1.0 
1.2   2.1   25   30   1.00517   1.0   1.0 
1.2   2.1   30   40   1.00159   1.0   1.0 
1.2   2.1   40   50   0.999832   1.0   1.0 
1.2   2.1   50   60   0.998874   1.0   1.0 
1.2   2.1   60   120   0.999879   1.0   1.0 
2.1   2.4   15   20   1.01378   1.0   1.0 
2.1   2.4   20   25   1.01079   1.0   1.0 
2.1   2.4   25   30   1.00428   1.0   1.0 
2.1   2.4   30   40   1.00315   1.0   1.0 
2.1   2.4   40   50   1.00109   1.0   1.0 
2.1   2.4   50   60   1.00107   1.0   1.0 
2.1   2.4   60   120   1.00079   1.0   1.0 
