0.0   0.9   20   25   0.986271   0.002718   0.002718 
0.0   0.9   25   30   0.982957   0.021133   0.021133 
0.0   0.9   30   40   0.984344   0.000375   0.000375 
0.0   0.9   40   50   0.985849   0.000294   0.000294 
0.0   0.9   50   60   0.981874   0.000849   0.000849 
0.0   0.9   60   120   0.992169   0.001854   0.001854 
0.9   1.2   20   25   0.972265   0.008800   0.008800 
0.9   1.2   25   30   0.970562   0.001906   0.001906 
0.9   1.2   30   40   0.973472   0.001444   0.001444 
0.9   1.2   40   50   0.974758   0.000484   0.000484 
0.9   1.2   50   60   0.974487   0.001397   0.001397 
0.9   1.2   60   120   0.974800   0.002877   0.002877 
1.2   2.1   20   25   0.986252   0.001758   0.001758 
1.2   2.1   25   30   0.986096   0.000886   0.000886 
1.2   2.1   30   40   0.987826   0.009306   0.009306 
1.2   2.1   40   50   0.990489   0.000274   0.000274 
1.2   2.1   50   60   0.985435   0.000957   0.000957 
1.2   2.1   60   120   0.988780   0.002179   0.002179 
2.1   2.4   20   25   0.975224   0.003072   0.003072 
2.1   2.4   25   30   0.973874   0.024611   0.024611 
2.1   2.4   30   40   0.969444   0.001439   0.001439 
2.1   2.4   40   50   0.972545   0.004766   0.004766 
2.1   2.4   50   60   0.967714   0.002802   0.002802 
2.1   2.4   60   120   0.963148   0.005753   0.005753 
