0.0   0.9   0.0   0.9   0.976139   0.005546   0.005546 
0.0   0.9   0.9   1.2   0.980864   0.008485   0.008485 
0.0   0.9   1.2   2.1   0.990586   0.006015   0.006015 
0.0   0.9   2.1   2.4   0.985026   0.012762   0.012762 
0.9   1.2   0.0   0.9   0.982464   0.008486   0.008486 
0.9   1.2   0.9   1.2   1.016780   0.003897   0.003897 
0.9   1.2   1.2   2.1   0.991973   0.007481   0.007481 
0.9   1.2   2.1   2.4   1.004301   0.016223   0.016223 
1.2   2.1   0.0   0.9   0.988191   0.005996   0.005996 
1.2   2.1   0.9   1.2   0.992394   0.007823   0.007823 
1.2   2.1   1.2   2.1   0.994308   0.006395   0.006395 
1.2   2.1   2.1   2.4   0.989969   0.010250   0.010250 
2.1   2.4   0.0   0.9   0.990155   0.013065   0.013065 
2.1   2.4   0.9   1.2   1.005147   0.013321   0.013321 
2.1   2.4   1.2   2.1   1.000300   0.009632   0.009632 
2.1   2.4   2.1   2.4   0.972295   0.018888   0.018888 
