0.0   0.9   15   20   1.0   1.0   1.0 
0.0   0.9   20   25   0.99902   1.0   1.0 
0.0   0.9   25   30   0.999549   1.0   1.0 
0.0   0.9   30   40   0.999269   1.0   1.0 
0.0   0.9   40   50   0.999254   1.0   1.0 
0.0   0.9   50   60   0.998777   1.0   1.0 
0.0   0.9   60   120   0.998833   1.0   1.0 
0.9   1.2   15   20   0.993513   1.0   1.0 
0.9   1.2   20   25   0.994558   1.0   1.0 
0.9   1.2   25   30   0.996313   1.0   1.0 
0.9   1.2   30   40   0.995557   1.0   1.0 
0.9   1.2   40   50   0.995849   1.0   1.0 
0.9   1.2   50   60   0.996015   1.0   1.0 
0.9   1.2   60   120   0.995568   1.0   1.0 
1.2   2.1   15   20   0.995247   1.0   1.0 
1.2   2.1   20   25   0.995686   1.0   1.0 
1.2   2.1   25   30   0.996328   1.0   1.0 
1.2   2.1   30   40   0.996354   1.0   1.0 
1.2   2.1   40   50   0.997102   1.0   1.0 
1.2   2.1   50   60   0.996792   1.0   1.0 
1.2   2.1   60   120   0.996752   1.0   1.0 
2.1   2.4   15   20   0.978583   1.0   1.0 
2.1   2.4   20   25   0.976883   1.0   1.0 
2.1   2.4   25   30   0.977149   1.0   1.0 
2.1   2.4   30   40   0.978591   1.0   1.0 
2.1   2.4   40   50   0.977505   1.0   1.0 
2.1   2.4   50   60   0.978501   1.0   1.0 
2.1   2.4   60   120   0.975958   1.0   1.0 
