0.0   0.9   20   25   0.984808   0.002256   0.002256 
0.0   0.9   25   30   0.993316   0.001204   0.001204 
0.0   0.9   30   40   0.993786   0.000390   0.000390 
0.0   0.9   40   50   0.995299   0.000177   0.000177 
0.0   0.9   50   60   0.996806   0.000368   0.000368 
0.0   0.9   60   120   0.998777   0.000467   0.000467 
0.9   1.2   20   25   0.995156   0.003567   0.003567 
0.9   1.2   25   30   1.000438   0.002065   0.002065 
0.9   1.2   30   40   0.999430   0.000702   0.000702 
0.9   1.2   40   50   0.997687   0.000136   0.000136 
0.9   1.2   50   60   0.999147   0.000605   0.000605 
0.9   1.2   60   120   0.999125   0.000781   0.000781 
1.2   2.1   20   25   0.991476   0.001680   0.001680 
1.2   2.1   25   30   0.995879   0.000999   0.000999 
1.2   2.1   30   40   0.997952   0.000380   0.000380 
1.2   2.1   40   50   0.998006   0.000092   0.000092 
1.2   2.1   50   60   0.998339   0.000339   0.000339 
1.2   2.1   60   120   0.999210   0.000458   0.000458 
2.1   2.4   20   25   0.983713   0.002906   0.002906 
2.1   2.4   25   30   0.991783   0.001755   0.001755 
2.1   2.4   30   40   0.996176   0.000689   0.000689 
2.1   2.4   40   50   0.998299   0.000359   0.000359 
2.1   2.4   50   60   0.998585   0.000775   0.000775 
2.1   2.4   60   120   1.001522   0.001125   0.001125 
