-2.4   -2.1   0.991237   0.000749   0.000754 
-2.1   -1.6   0.994853   0.000200   0.000200 
-1.6   -1.2   0.996413   0.000173   0.000174 
-1.2   -0.9   0.997157   0.000186   0.000185 
-0.9   -0.6   0.997512   0.000090   0.000090 
-0.6   -0.3   0.997560   0.000087   0.000087 
-0.3   -0.2   0.996745   0.000164   0.000165 
-0.2   0.2   0.996996   0.000073   0.000073 
0.2   0.3   0.997720   0.000166   0.000167 
0.3   0.6   0.998604   0.000084   0.000084 
0.6   0.9   0.998321   0.000092   0.000092 
0.9   1.2   0.997682   0.000182   0.000181 
1.2   1.6   0.995252   0.000179   0.000180 
1.6   2.1   0.994919   0.000184   0.000185 
2.1   2.4   0.987334   0.000729   0.000737 
