0.0   0.9   0.0   0.9   0.961546   0.002909   0.002909 
0.0   0.9   0.9   1.2   0.973397   0.004444   0.004444 
0.0   0.9   1.2   2.1   0.982997   0.003245   0.003245 
0.0   0.9   2.1   2.4   0.975719   0.008344   0.008344 
0.9   1.2   0.0   0.9   0.972579   0.004432   0.004432 
0.9   1.2   0.9   1.2   0.984328   0.005591   0.005591 
0.9   1.2   1.2   2.1   0.992443   0.004617   0.004617 
0.9   1.2   2.1   2.4   0.981282   0.009351   0.009351 
1.2   2.1   0.0   0.9   0.982293   0.003288   0.003288 
1.2   2.1   0.9   1.2   0.986907   0.004770   0.004770 
1.2   2.1   1.2   2.1   0.993290   0.005122   0.005122 
1.2   2.1   2.1   2.4   0.993125   0.005976   0.005976 
2.1   2.4   0.0   0.9   0.981344   0.007867   0.007867 
2.1   2.4   0.9   1.2   0.981857   0.009153   0.009153 
2.1   2.4   1.2   2.1   0.996866   0.005894   0.005894 
2.1   2.4   2.1   2.4   0.983335   0.010602   0.010602 
