-2.500  -2.450    25.000    2000.000    1.317604356    0.    0.
-2.450  -2.400    25.000    2000.000    1.113780025    0.    0.
-2.400  -2.300    25.000    2000.000    1.024625268    0.    0.
-2.300  -2.200    25.000    2000.000    1.013641133    0.    0.
-2.200  -2.000    25.000    2000.000    1.007276507    0.    0.
-2.000  -1.800    25.000    2000.000    0.994818653    0.    0.
-1.800  -1.630    25.000    2000.000    0.994786236    0.    0.
-1.630  -1.566    25.000    2000.000    0.991631799    0.    0.
-1.566  -1.444    25.000    2000.000    0.963128492    0.    0.
-1.444  -1.200    25.000    2000.000    0.989701339    0.    0.
-1.200  -1.000    25.000    2000.000    0.985655738    0.    0.
-1.000  -0.600    25.000    2000.000    0.981595092    0.    0.
-0.600  -0.400    25.000    2000.000    0.984678243    0.    0.
-0.400  -0.200    25.000    2000.000    0.981613892    0.    0.
-0.200   0.000    25.000    2000.000    0.980432544    0.    0.
0.000    0.200    25.000    2000.000    0.984552008    0.    0.
0.200    0.400    25.000    2000.000    0.988764045    0.    0.
0.400    0.600    25.000    2000.000    0.987742594    0.    0.
0.600    1.000    25.000    2000.000    0.987742594    0.    0.
1.000    1.200    25.000    2000.000    0.987742594    0.    0.
1.200    1.444    25.000    2000.000    0.987679671    0.    0.
1.444    1.566    25.000    2000.000    0.967597765    0.    0.
1.566    1.630    25.000    2000.000    0.989626556    0.    0.
1.630    1.800    25.000    2000.000    0.992761117    0.    0.
1.800    2.000    25.000    2000.000    0.991761071    0.    0.
2.000    2.200    25.000    2000.000    0.997940268    0.    0.
2.200    2.300    25.000    2000.000    1.001037344    0.    0.
2.300    2.400    25.000    2000.000    0.989506821    0.    0.
2.400    2.450    25.000    2000.000    0.970518868    0.    0.
2.450    2.500    25.000    2000.000    0.906666667    0.    0. 
