-2.5   -2.0   10   15   0.672059   0.090593   0.090593 
-2.5   -2.0   15   20   0.907545   0.012321   0.012321 
-2.5   -2.0   20   25   0.949064   0.007023   0.007023 
-2.5   -2.0   25   30   0.973196   0.004365   0.004365 
-2.5   -2.0   30   40   0.988764   0.003683   0.003683 
-2.5   -2.0   40   50   0.995927   0.002967   0.002967 
-2.5   -2.0   50   90   0.997972   0.002955   0.002955 
-2.5   -2.0   90   150   1.001010   0.009989   0.009989 
-2.5   -2.0   150   500   0.994000   0.020616   0.020616 
-2.0   -1.6   10   15   0.784314   0.066028   0.066028 
-2.0   -1.6   15   20   0.961945   0.012198   0.012198 
-2.0   -1.6   20   25   0.988671   0.003853   0.003853 
-2.0   -1.6   25   30   0.993859   0.003315   0.003315 
-2.0   -1.6   30   40   0.994924   0.003046   0.003046 
-2.0   -1.6   40   50   0.996967   0.002946   0.002946 
-2.0   -1.6   50   90   0.997980   0.003027   0.003027 
-2.0   -1.6   90   150   0.998995   0.006742   0.006742 
-2.0   -1.6   150   500   1.003018   0.010756   0.010756 
-1.6   -1.4   10   15   0.841509   0.165671   0.165671 
-1.6   -1.4   15   20   0.947078   0.047051   0.047051 
-1.6   -1.4   20   25   0.992473   0.013486   0.013486 
-1.6   -1.4   25   30   0.989496   0.009087   0.009087 
-1.6   -1.4   30   40   0.988648   0.004255   0.004255 
-1.6   -1.4   40   50   0.990750   0.003912   0.003912 
-1.6   -1.4   50   90   0.990769   0.009466   0.009466 
-1.6   -1.4   90   150   0.972505   0.025658   0.025658 
-1.6   -1.4   150   500   0.959000   0.026627   0.026627 
-1.4   -0.8   10   15   0.920266   0.073618   0.073618 
-1.4   -0.8   15   20   0.968132   0.010998   0.010998 
-1.4   -0.8   20   25   0.984865   0.006823   0.006823 
-1.4   -0.8   25   30   0.992521   0.004062   0.004062 
-1.4   -0.8   30   40   0.992693   0.004167   0.004167 
-1.4   -0.8   40   50   0.991736   0.003647   0.003647 
-1.4   -0.8   50   90   0.989744   0.004347   0.004347 
-1.4   -0.8   90   150   0.985844   0.004285   0.004285 
-1.4   -0.8   150   500   0.989868   0.014458   0.014458 
-0.8   0.0   10   15   0.882432   0.077287   0.077287 
-0.8   0.0   15   20   0.964324   0.012572   0.012572 
-0.8   0.0   20   25   0.984930   0.008969   0.008969 
-0.8   0.0   25   30   0.996774   0.003393   0.003393 
-0.8   0.0   30   40   0.991632   0.003764   0.003764 
-0.8   0.0   40   50   0.989680   0.003339   0.003339 
-0.8   0.0   50   90   0.988741   0.003067   0.003067 
-0.8   0.0   90   150   0.991862   0.004864   0.004864 
-0.8   0.0   150   500   0.986855   0.008346   0.008346 
0.0   0.8   10   15   0.911234   0.049707   0.049707 
0.0   0.8   15   20   0.945571   0.012057   0.012057 
0.0   0.8   20   25   0.977419   0.004236   0.004236 
0.0   0.8   25   30   0.983940   0.004292   0.004292 
0.0   0.8   30   40   0.979167   0.004175   0.004175 
0.0   0.8   40   50   0.978395   0.004185   0.004185 
0.0   0.8   50   90   0.979571   0.003687   0.003687 
0.0   0.8   90   150   0.980789   0.005171   0.005171 
0.0   0.8   150   500   0.980750   0.010901   0.010901 
0.8   1.4   10   15   0.854688   0.063887   0.063887 
0.8   1.4   15   20   0.968237   0.010204   0.010204 
0.8   1.4   20   25   0.984930   0.007316   0.007316 
0.8   1.4   25   30   0.993610   0.008698   0.008698 
0.8   1.4   30   40   0.991684   0.005984   0.005984 
0.8   1.4   40   50   0.991761   0.004190   0.004190 
0.8   1.4   50   90   0.990788   0.004347   0.004347 
0.8   1.4   90   150   0.987891   0.005440   0.005440 
0.8   1.4   150   500   0.984940   0.009595   0.009595 
1.4   1.6   10   15   0.842105   0.194633   0.194633 
1.4   1.6   15   20   0.958904   0.051151   0.051151 
1.4   1.6   20   25   0.973404   0.018617   0.018617 
1.4   1.6   25   30   0.989518   0.010752   0.010752 
1.4   1.6   30   40   0.994840   0.004840   0.004840 
1.4   1.6   40   50   0.996920   0.003912   0.003912 
1.4   1.6   50   90   0.998972   0.008590   0.008590 
1.4   1.6   90   150   0.994802   0.027510   0.027510 
1.4   1.6   150   500   0.955000   0.028601   0.028601 
1.6   2.0   10   15   0.771791   0.092336   0.092336 
1.6   2.0   15   20   0.944328   0.017820   0.017820 
1.6   2.0   20   25   0.986612   0.004246   0.004246 
1.6   2.0   25   30   0.994888   0.003896   0.003896 
1.6   2.0   30   40   0.995939   0.002871   0.002871 
1.6   2.0   40   50   0.996970   0.002946   0.002946 
1.6   2.0   50   90   0.996976   0.003638   0.003638 
1.6   2.0   90   150   1.001005   0.005773   0.005773 
1.6   2.0   150   500   0.997000   0.007233   0.007233 
2.0   2.5   10   15   0.586742   0.051786   0.051786 
2.0   2.5   15   20   0.859259   0.014922   0.014922 
2.0   2.5   20   25   0.917623   0.008165   0.008165 
2.0   2.5   25   30   0.948665   0.004715   0.004715 
2.0   2.5   30   40   0.983657   0.003064   0.003064 
2.0   2.5   40   50   0.993896   0.002967   0.002967 
2.0   2.5   50   90   0.996960   0.003860   0.003860 
2.0   2.5   90   150   1.001008   0.009783   0.009783 
2.0   2.5   150   500   0.997000   0.016882   0.016882 
