-2.5   -2.0   10   15   0.000000   3.605551   3.605551 
-2.5   -2.0   15   20   0.000000   3.000000   3.000000 
-2.5   -2.0   20   25   0.527241   0.032247   0.032247 
-2.5   -2.0   25   30   0.955579   0.004778   0.004778 
-2.5   -2.0   30   40   0.987743   0.003683   0.003683 
-2.5   -2.0   40   50   0.994908   0.002967   0.002967 
-2.5   -2.0   50   90   0.997972   0.002955   0.002955 
-2.5   -2.0   90   150   1.001010   0.009989   0.009989 
-2.5   -2.0   150   500   0.994000   0.020616   0.020616 
-2.0   -1.6   10   15   0.000000   2.828427   2.828427 
-2.0   -1.6   15   20   0.400000   0.925820   0.925820 
-2.0   -1.6   20   25   0.871269   0.026779   0.026779 
-2.0   -1.6   25   30   0.990741   0.003001   0.003001 
-2.0   -1.6   30   40   0.995935   0.003049   0.003049 
-2.0   -1.6   40   50   0.996967   0.003275   0.003275 
-2.0   -1.6   50   90   0.997980   0.003027   0.003027 
-2.0   -1.6   90   150   0.998995   0.006742   0.006742 
-2.0   -1.6   150   500   1.003018   0.010756   0.010756 
-1.6   -1.4   10   15   0.000000   7.280110   7.280110 
-1.6   -1.4   15   20   1.250000   0.533743   0.533743 
-1.6   -1.4   20   25   0.903042   0.052304   0.052304 
-1.6   -1.4   25   30   0.982942   0.009882   0.009882 
-1.6   -1.4   30   40   0.987603   0.004073   0.004073 
-1.6   -1.4   40   50   0.991770   0.004238   0.004238 
-1.6   -1.4   50   90   0.990769   0.009466   0.009466 
-1.6   -1.4   90   150   0.972505   0.025658   0.025658 
-1.6   -1.4   150   500   0.959000   0.026627   0.026627 
-1.4   -0.8   10   15   0.000000   2.828427   2.828427 
-1.4   -0.8   15   20   1.000000   3.000000   3.000000 
-1.4   -0.8   20   25   0.897862   0.075235   0.075235 
-1.4   -0.8   25   30   0.990302   0.005043   0.005043 
-1.4   -0.8   30   40   0.992685   0.003685   0.003685 
-1.4   -0.8   40   50   0.991736   0.003647   0.003647 
-1.4   -0.8   50   90   0.989744   0.004347   0.004347 
-1.4   -0.8   90   150   0.985844   0.004285   0.004285 
-1.4   -0.8   150   500   0.989868   0.014458   0.014458 
-0.8   0.0   10   15   0.000000   2.828427   2.828427 
-0.8   0.0   15   20   1.000000   2.828427   2.828427 
-0.8   0.0   20   25   0.984615   0.057098   0.057098 
-0.8   0.0   25   30   0.995680   0.004101   0.004101 
-0.8   0.0   30   40   0.990586   0.003764   0.003764 
-0.8   0.0   40   50   0.989680   0.003339   0.003339 
-0.8   0.0   50   90   0.988741   0.003067   0.003067 
-0.8   0.0   90   150   0.991862   0.004864   0.004864 
-0.8   0.0   150   500   0.986855   0.008346   0.008346 
0.0   0.8   10   15   0.000000   2.828427   2.828427 
0.0   0.8   15   20   1.000000   2.828427   2.828427 
0.0   0.8   20   25   0.931106   0.032475   0.032475 
0.0   0.8   25   30   0.983888   0.005544   0.005544 
0.0   0.8   30   40   0.979167   0.004175   0.004175 
0.0   0.8   40   50   0.978395   0.004185   0.004185 
0.0   0.8   50   90   0.979571   0.003687   0.003687 
0.0   0.8   90   150   0.980789   0.005171   0.005171 
0.0   0.8   150   500   0.980750   0.010901   0.010901 
0.8   1.4   10   15   0.000000   2.828427   2.828427 
0.8   1.4   15   20   0.000000   2.828427   2.828427 
0.8   1.4   20   25   0.824834   0.033630   0.033630 
0.8   1.4   25   30   0.988197   0.007133   0.007133 
0.8   1.4   30   40   0.990645   0.005365   0.005365 
0.8   1.4   40   50   0.991761   0.004190   0.004190 
0.8   1.4   50   90   0.990788   0.004347   0.004347 
0.8   1.4   90   150   0.987891   0.005440   0.005440 
0.8   1.4   150   500   0.984940   0.009595   0.009595 
1.4   1.6   10   15   0.000000   7.280110   7.280110 
1.4   1.6   15   20   0.840000   0.546085   0.546085 
1.4   1.6   20   25   0.794495   0.055065   0.055065 
1.4   1.6   25   30   0.980603   0.019233   0.019233 
1.4   1.6   30   40   0.994819   0.006979   0.006979 
1.4   1.6   40   50   0.995893   0.003706   0.003706 
1.4   1.6   50   90   0.997944   0.008590   0.008590 
1.4   1.6   90   150   0.994802   0.027510   0.027510 
1.4   1.6   150   500   0.955000   0.028601   0.028601 
1.6   2.0   10   15   0.000000   2.828427   2.828427 
1.6   2.0   15   20   1.000000   1.087968   1.087968 
1.6   2.0   20   25   0.779817   0.037164   0.037164 
1.6   2.0   25   30   0.991761   0.003639   0.003639 
1.6   2.0   30   40   0.996951   0.003049   0.003049 
1.6   2.0   40   50   0.996970   0.002946   0.002946 
1.6   2.0   50   90   0.996976   0.003638   0.003638 
1.6   2.0   90   150   1.001005   0.005773   0.005773 
1.6   2.0   150   500   0.997000   0.007233   0.007233 
2.0   2.5   10   15   0.000000   2.828427   2.828427 
2.0   2.5   15   20   1.000000   3.000000   3.000000 
2.0   2.5   20   25   0.476844   0.026042   0.026042 
2.0   2.5   25   30   0.931141   0.004888   0.004888 
2.0   2.5   30   40   0.983657   0.003064   0.003064 
2.0   2.5   40   50   0.993896   0.002967   0.002967 
2.0   2.5   50   90   0.996960   0.003860   0.003860 
2.0   2.5   90   150   1.001008   0.009783   0.009783 
2.0   2.5   150   500   0.997000   0.016882   0.016882 
