-2.500	   -2.000	10.000	  20.000	0.806557377	0.	0.
-2.000	   -1.566	10.000	  20.000	0.828571429	0.	0.
-1.566	   -1.444	10.000	  20.000	1.03286385	0.	0.
-1.444	   -0.800	10.000	  20.000	1.007751938	0.	0.
-0.800	   +0.000	10.000	  20.000	0.940721649	0.	0.
+0.000	   +0.800	10.000	  20.000	0.945876289	0.	0.
+0.800	   1.444	10.000	  20.000	0.989769821	0.	0.
1.444	   1.566	10.000	  20.000	1.033980583	0.	0.
1.566	   2.000	10.000	  20.000	0.82748538	0.	0.
2.000	   2.500	10.000	  20.000	0.797014925	0.	0.
-2.500	  -2.000	20.000	  35.000	0.882459313	0.	0.
-2.000	  -1.566	20.000	  35.000	0.927487352	0.	0.
-1.566	  -1.444	20.000	  35.000	1.007594937	0.	0.
-1.444	  -0.800	20.000	  35.000	0.972039474	0.	0.
-0.800    +0.000	20.000	  35.000	0.952998379	0.	0.
+0.000	  +0.800	20.000	  35.000	0.981996727	0.	0.
+0.800	  1.444		20.000	  35.000	0.975206612	0.	0.
1.444	  1.566		20.000	  35.000	0.974874372	0.	0.
1.566	  2.000		20.000	  35.000	0.908937605	0.	0.
2.000	  2.500		20.000	  35.000	0.863321799	0.	0.
-2.500	  -2.000	35.000	  50.000	0.91884058	0.	0.
-2.000	  -1.566	35.000	  50.000	0.96698762	0.	0.
-1.566	  -1.444	35.000	  50.000	0.988195616	0.	0.
-1.444	  -0.800	35.000	  50.000	0.974666667	0.	0.
-0.800	  +0.000	35.000	  50.000	0.953457447	0.	0.
+0.000	  +0.800	35.000	  50.000	0.979811575	0.	0.
+0.800	  1.444		35.000	  50.000	0.974632844	0.	0.
1.444	  1.566		35.000	  50.000	0.966386555	0.	0.
1.566	  2.000		35.000	  50.000	0.957823129	0.	0.
2.000	  2.500		35.000	  50.000	0.907801418	0.	0.
-2.500	  -2.000	50.000	  90.000	0.940397351	0.	0.
-2.000	  -1.566	50.000	  90.000	0.980964467	0.	0.
-1.566	  -1.444	50.000	  90.000	0.995391705	0.	0.
-1.444	  -0.800	50.000	  90.000	0.971674877	0.	0.
-0.800	  +0.000	50.000	  90.000	0.95308642	0.	0.
+0.000	  +0.800	50.000	  90.000	0.97752809	0.	0.
+0.800	  1.444	        50.000	  90.000	0.978934325	0.	0.
1.444	  1.566		50.000	  90.000	0.979907264	0.	0.
1.566	  2.000		50.000	  90.000	0.968553459	0.	0.
2.000	  2.500		50.000	  90.000	0.937662338	0.	0.
-2.500	  -2.000	90.000	  150.000	1.051085568	0.	0.
-2.000	  -1.566	90.000	  150.000	1.005924171	0.	0.
-1.566	  -1.444	90.000	  150.000	1.104105572	0.	0.
-1.444	  -0.800	90.000	  150.000	0.989485981	0.	0.
-0.800	  +0.000	90.000	  150.000	0.975495916	0.	0.
+0.000	  +0.800	90.000	  150.000	1.011890606	0.	0.
+0.800	  1.444	        90.000	  150.000	1.010727056	0.	0.
1.444	  1.566		90.000	  150.000	1.007163324	0.	0.
1.566	  2.000		90.000	  150.000	0.988262911	0.	0.
2.000	  2.500		90.000	  150.000	1.021356784	0.	0.
-2.500	  -2.000	150.000	  500.000	1.051314143	0.	0.
-2.000	  -1.566	150.000	  500.000	0.973063973	0.	0.
-1.566	  -1.444	150.000	  500.000	1.037552156	0.	0.
-1.444	  -0.800	150.000	  500.000	0.981961669	0.	0.
-0.800	  +0.000	150.000	  500.000	0.981797497	0.	0.
+0.000	  +0.800	150.000	  500.000	1.020954598	0.	0.
+0.800	  1.444		150.000	  500.000	1.		0.	0.
1.444	  1.566		150.000	  500.000	0.883751651	0.	0.
1.566	  2.000		150.000	  500.000	0.979381443	0.	0.
2.000	  2.500		150.000	  500.000	1.047897196	0.	0.

