-2.4 -2.1 26 28 0.974544 0 0
-2.4 -2.1 28 31 0.982063 0 0
-2.4 -2.1 31 34 0.976543 0 0
-2.4 -2.1 34 37 0.976787 0 0
-2.4 -2.1 37 40 0.984513 0 0
-2.4 -2.1 40 43 0.982534 0 0
-2.4 -2.1 43 46 0.984913 0 0
-2.4 -2.1 46 49 0.988415 0 0
-2.4 -2.1 49 52 0.97784 0 0
-2.4 -2.1 52 55 0.990989 0 0
-2.4 -2.1 55 58 0.963263 0 0
-2.4 -2.1 58 61 0.987787 0 0
-2.4 -2.1 61 65 0.985245 0 0
-2.4 -2.1 65 70 0.985499 0 0
-2.4 -2.1 70 80 0.971058 0 0
-2.4 -2.1 80 90 0.977805 0 0
-2.4 -2.1 90 100 0.960829 0 0
-2.4 -2.1 100 150 0.984482 0 0
-2.4 -2.1 150 200 0.93142 0 0
-2.4 -2.1 200 500 0.868005 0 0
-2.1 -1.6 26 28 0.984016 0 0
-2.1 -1.6 28 31 0.986825 0 0
-2.1 -1.6 31 34 0.989779 0 0
-2.1 -1.6 34 37 0.988581 0 0
-2.1 -1.6 37 40 0.990571 0 0
-2.1 -1.6 40 43 0.992593 0 0
-2.1 -1.6 43 46 0.99016 0 0
-2.1 -1.6 46 49 0.989738 0 0
-2.1 -1.6 49 52 0.989889 0 0
-2.1 -1.6 52 55 0.988432 0 0
-2.1 -1.6 55 58 0.994349 0 0
-2.1 -1.6 58 61 0.987714 0 0
-2.1 -1.6 61 65 0.991662 0 0
-2.1 -1.6 65 70 0.98533 0 0
-2.1 -1.6 70 80 0.988884 0 0
-2.1 -1.6 80 90 0.984817 0 0
-2.1 -1.6 90 100 0.996624 0 0
-2.1 -1.6 100 150 0.985567 0 0
-2.1 -1.6 150 200 0.945058 0 0
-2.1 -1.6 200 500 0.968251 0 0
-1.6 -1.2 26 28 1.00132 0 0
-1.6 -1.2 28 31 0.997658 0 0
-1.6 -1.2 31 34 0.994988 0 0
-1.6 -1.2 34 37 0.993998 0 0
-1.6 -1.2 37 40 0.998095 0 0
-1.6 -1.2 40 43 0.997166 0 0
-1.6 -1.2 43 46 0.996382 0 0
-1.6 -1.2 46 49 0.994638 0 0
-1.6 -1.2 49 52 0.997075 0 0
-1.6 -1.2 52 55 0.994856 0 0
-1.6 -1.2 55 58 0.99572 0 0
-1.6 -1.2 58 61 0.997668 0 0
-1.6 -1.2 61 65 0.997326 0 0
-1.6 -1.2 65 70 0.997628 0 0
-1.6 -1.2 70 80 0.992883 0 0
-1.6 -1.2 80 90 0.993045 0 0
-1.6 -1.2 90 100 0.999363 0 0
-1.6 -1.2 100 150 0.983373 0 0
-1.6 -1.2 150 200 0.981155 0 0
-1.6 -1.2 200 500 0.961669 0 0
-1.2 -0.9 26 28 0.990012 0 0
-1.2 -0.9 28 31 0.995616 0 0
-1.2 -0.9 31 34 0.994082 0 0
-1.2 -0.9 34 37 0.995185 0 0
-1.2 -0.9 37 40 0.994972 0 0
-1.2 -0.9 40 43 0.99529 0 0
-1.2 -0.9 43 46 0.995924 0 0
-1.2 -0.9 46 49 0.995445 0 0
-1.2 -0.9 49 52 0.993888 0 0
-1.2 -0.9 52 55 0.998073 0 0
-1.2 -0.9 55 58 0.991825 0 0
-1.2 -0.9 58 61 0.989125 0 0
-1.2 -0.9 61 65 0.993397 0 0
-1.2 -0.9 65 70 1.00007 0 0
-1.2 -0.9 70 80 1.00006 0 0
-1.2 -0.9 80 90 0.989792 0 0
-1.2 -0.9 90 100 0.9844 0 0
-1.2 -0.9 100 150 0.993571 0 0
-1.2 -0.9 150 200 0.986673 0 0
-1.2 -0.9 200 500 0.988179 0 0
-0.9 -0.3 26 28 0.99484 0 0
-0.9 -0.3 28 31 0.995799 0 0
-0.9 -0.3 31 34 0.996207 0 0
-0.9 -0.3 34 37 0.99412 0 0
-0.9 -0.3 37 40 0.996395 0 0
-0.9 -0.3 40 43 0.99597 0 0
-0.9 -0.3 43 46 0.99607 0 0
-0.9 -0.3 46 49 0.995871 0 0
-0.9 -0.3 49 52 0.994794 0 0
-0.9 -0.3 52 55 0.997668 0 0
-0.9 -0.3 55 58 0.995334 0 0
-0.9 -0.3 58 61 0.994214 0 0
-0.9 -0.3 61 65 0.996901 0 0
-0.9 -0.3 65 70 0.995253 0 0
-0.9 -0.3 70 80 0.994692 0 0
-0.9 -0.3 80 90 0.993726 0 0
-0.9 -0.3 90 100 0.990676 0 0
-0.9 -0.3 100 150 0.992559 0 0
-0.9 -0.3 150 200 0.988443 0 0
-0.9 -0.3 200 500 0.978496 0 0
-0.3 -0.2 26 28 0.999366 0 0
-0.3 -0.2 28 31 0.991131 0 0
-0.3 -0.2 31 34 0.990505 0 0
-0.3 -0.2 34 37 0.991705 0 0
-0.3 -0.2 37 40 0.992504 0 0
-0.3 -0.2 40 43 0.994588 0 0
-0.3 -0.2 43 46 0.996823 0 0
-0.3 -0.2 46 49 0.996918 0 0
-0.3 -0.2 49 52 0.991338 0 0
-0.3 -0.2 52 55 0.987868 0 0
-0.3 -0.2 55 58 0.98461 0 0
-0.3 -0.2 58 61 0.978321 0 0
-0.3 -0.2 61 65 0.986829 0 0
-0.3 -0.2 65 70 0.986799 0 0
-0.3 -0.2 70 80 0.982197 0 0
-0.3 -0.2 80 90 0.974224 0 0
-0.3 -0.2 90 100 0.991105 0 0
-0.3 -0.2 100 150 0.984902 0 0
-0.3 -0.2 150 200 1.00128 0 0
-0.3 -0.2 200 500 0.954821 0 0
-0.2 0 26 28 0.993159 0 0
-0.2 0 28 31 0.994397 0 0
-0.2 0 31 34 0.991206 0 0
-0.2 0 34 37 0.99269 0 0
-0.2 0 37 40 0.992303 0 0
-0.2 0 40 43 0.994857 0 0
-0.2 0 43 46 0.99431 0 0
-0.2 0 46 49 0.993204 0 0
-0.2 0 49 52 0.992555 0 0
-0.2 0 52 55 0.994748 0 0
-0.2 0 55 58 0.993636 0 0
-0.2 0 58 61 0.993732 0 0
-0.2 0 61 65 0.994596 0 0
-0.2 0 65 70 0.9947 0 0
-0.2 0 70 80 0.991324 0 0
-0.2 0 80 90 0.993592 0 0
-0.2 0 90 100 0.998639 0 0
-0.2 0 100 150 0.996756 0 0
-0.2 0 150 200 0.991644 0 0
-0.2 0 200 500 1.00086 0 0
0 0.2 26 28 0.988939 0 0
0 0.2 28 31 0.992361 0 0
0 0.2 31 34 0.995212 0 0
0 0.2 34 37 0.995892 0 0
0 0.2 37 40 0.993385 0 0
0 0.2 40 43 0.994663 0 0
0 0.2 43 46 0.993742 0 0
0 0.2 46 49 0.99393 0 0
0 0.2 49 52 0.995788 0 0
0 0.2 52 55 0.995873 0 0
0 0.2 55 58 0.989978 0 0
0 0.2 58 61 0.986336 0 0
0 0.2 61 65 0.993684 0 0
0 0.2 65 70 0.992055 0 0
0 0.2 70 80 0.999501 0 0
0 0.2 80 90 0.989406 0 0
0 0.2 90 100 0.998612 0 0
0 0.2 100 150 0.996042 0 0
0 0.2 150 200 0.976299 0 0
0 0.2 200 500 0.995719 0 0
0.2 0.3 26 28 0.985188 0 0
0.2 0.3 28 31 0.9951 0 0
0.2 0.3 31 34 0.995566 0 0
0.2 0.3 34 37 0.99256 0 0
0.2 0.3 37 40 0.990353 0 0
0.2 0.3 40 43 0.993614 0 0
0.2 0.3 43 46 0.995714 0 0
0.2 0.3 46 49 0.995804 0 0
0.2 0.3 49 52 0.999884 0 0
0.2 0.3 52 55 0.99365 0 0
0.2 0.3 55 58 1.00055 0 0
0.2 0.3 58 61 0.993382 0 0
0.2 0.3 61 65 0.989609 0 0
0.2 0.3 65 70 0.980518 0 0
0.2 0.3 70 80 0.984978 0 0
0.2 0.3 80 90 1.0007 0 0
0.2 0.3 90 100 0.974566 0 0
0.2 0.3 100 150 0.983922 0 0
0.2 0.3 150 200 0.943919 0 0
0.2 0.3 200 500 0.948443 0 0
0.3 0.9 26 28 0.99182 0 0
0.3 0.9 28 31 0.997068 0 0
0.3 0.9 31 34 0.994611 0 0
0.3 0.9 34 37 0.996455 0 0
0.3 0.9 37 40 0.996067 0 0
0.3 0.9 40 43 0.995977 0 0
0.3 0.9 43 46 0.996006 0 0
0.3 0.9 46 49 0.99601 0 0
0.3 0.9 49 52 0.99489 0 0
0.3 0.9 52 55 0.995759 0 0
0.3 0.9 55 58 0.996343 0 0
0.3 0.9 58 61 0.992934 0 0
0.3 0.9 61 65 0.995407 0 0
0.3 0.9 65 70 0.995794 0 0
0.3 0.9 70 80 0.994385 0 0
0.3 0.9 80 90 0.992683 0 0
0.3 0.9 90 100 0.993537 0 0
0.3 0.9 100 150 0.995666 0 0
0.3 0.9 150 200 0.993836 0 0
0.3 0.9 200 500 0.976743 0 0
0.9 1.2 26 28 0.992317 0 0
0.9 1.2 28 31 0.99481 0 0
0.9 1.2 31 34 0.99607 0 0
0.9 1.2 34 37 0.996808 0 0
0.9 1.2 37 40 0.99561 0 0
0.9 1.2 40 43 0.995663 0 0
0.9 1.2 43 46 0.994843 0 0
0.9 1.2 46 49 0.994459 0 0
0.9 1.2 49 52 0.993984 0 0
0.9 1.2 52 55 0.996468 0 0
0.9 1.2 55 58 0.994545 0 0
0.9 1.2 58 61 0.994108 0 0
0.9 1.2 61 65 0.991531 0 0
0.9 1.2 65 70 0.993427 0 0
0.9 1.2 70 80 0.991892 0 0
0.9 1.2 80 90 0.991541 0 0
0.9 1.2 90 100 0.985924 0 0
0.9 1.2 100 150 0.992789 0 0
0.9 1.2 150 200 1.00101 0 0
0.9 1.2 200 500 1.01102 0 0
1.2 1.6 26 28 0.995706 0 0
1.2 1.6 28 31 0.994908 0 0
1.2 1.6 31 34 0.996593 0 0
1.2 1.6 34 37 0.996309 0 0
1.2 1.6 37 40 0.999645 0 0
1.2 1.6 40 43 0.999031 0 0
1.2 1.6 43 46 0.996929 0 0
1.2 1.6 46 49 0.995557 0 0
1.2 1.6 49 52 0.996825 0 0
1.2 1.6 52 55 0.995127 0 0
1.2 1.6 55 58 0.997538 0 0
1.2 1.6 58 61 1.00067 0 0
1.2 1.6 61 65 0.995634 0 0
1.2 1.6 65 70 0.991748 0 0
1.2 1.6 70 80 0.996091 0 0
1.2 1.6 80 90 0.993158 0 0
1.2 1.6 90 100 1.00376 0 0
1.2 1.6 100 150 0.989122 0 0
1.2 1.6 150 200 0.97843 0 0
1.2 1.6 200 500 0.98105 0 0
1.6 2.1 26 28 0.986841 0 0
1.6 2.1 28 31 0.989043 0 0
1.6 2.1 31 34 0.992622 0 0
1.6 2.1 34 37 0.989022 0 0
1.6 2.1 37 40 0.992767 0 0
1.6 2.1 40 43 0.992327 0 0
1.6 2.1 43 46 0.991873 0 0
1.6 2.1 46 49 0.988761 0 0
1.6 2.1 49 52 0.992755 0 0
1.6 2.1 52 55 0.990396 0 0
1.6 2.1 55 58 0.994225 0 0
1.6 2.1 58 61 0.988721 0 0
1.6 2.1 61 65 0.985879 0 0
1.6 2.1 65 70 0.986895 0 0
1.6 2.1 70 80 0.988111 0 0
1.6 2.1 80 90 0.988072 0 0
1.6 2.1 90 100 0.972794 0 0
1.6 2.1 100 150 0.98846 0 0
1.6 2.1 150 200 1.0035 0 0
1.6 2.1 200 500 0.948865 0 0
2.1 2.4 26 28 0.968604 0 0
2.1 2.4 28 31 0.976164 0 0
2.1 2.4 31 34 0.983771 0 0
2.1 2.4 34 37 0.982445 0 0
2.1 2.4 37 40 0.979423 0 0
2.1 2.4 40 43 0.981242 0 0
2.1 2.4 43 46 0.97793 0 0
2.1 2.4 46 49 0.982476 0 0
2.1 2.4 49 52 0.981777 0 0
2.1 2.4 52 55 0.984564 0 0
2.1 2.4 55 58 0.982922 0 0
2.1 2.4 58 61 0.960768 0 0
2.1 2.4 61 65 0.986648 0 0
2.1 2.4 65 70 0.977088 0 0
2.1 2.4 70 80 0.973424 0 0
2.1 2.4 80 90 0.963561 0 0
2.1 2.4 90 100 0.985194 0 0
2.1 2.4 100 150 0.992023 0 0
2.1 2.4 150 200 0.987103 0 0
2.1 2.4 200 500 0.809166 0 0
