-2.4 -2.1 26 28 0.980478 0.0059337 0.0059337
-2.4 -2.1 28 31 0.986022 0.00395937 0.00395937
-2.4 -2.1 31 34 0.98013 0.00358727 0.00358727
-2.4 -2.1 34 37 0.979591 0.00280423 0.00280423
-2.4 -2.1 37 40 0.987545 0.00303208 0.00303208
-2.4 -2.1 40 43 0.985039 0.0025049 0.0025049
-2.4 -2.1 43 46 0.987365 0.00245157 0.00245157
-2.4 -2.1 46 49 0.991507 0.00309197 0.00309197
-2.4 -2.1 49 52 0.981832 0.00399197 0.00399197
-2.4 -2.1 52 55 0.997475 0.00648594 0.00648594
-2.4 -2.1 55 58 0.969573 0.00631077 0.00631077
-2.4 -2.1 58 61 0.995861 0.00807458 0.00807458
-2.4 -2.1 61 65 0.99375 0.0085049 0.0085049
-2.4 -2.1 65 70 0.995032 0.00953291 0.00953291
-2.4 -2.1 70 80 0.981719 0.0106609 0.0106609
-2.4 -2.1 80 90 0.993814 0.0160087 0.0160087
-2.4 -2.1 90 100 0.980485 0.0196562 0.0196562
-2.4 -2.1 100 150 1.00167 0.0171923 0.0171923
-2.4 -2.1 150 200 0.964149 0.0327296 0.0327296
-2.4 -2.1 200 500 0.922332 0.0543263 0.0543263
-2.1 -1.6 26 28 0.987009 0.00299292 0.00299292
-2.1 -1.6 28 31 0.989187 0.00236187 0.00236187
-2.1 -1.6 31 34 0.991911 0.00213272 0.00213272
-2.1 -1.6 34 37 0.99037 0.00178869 0.00178869
-2.1 -1.6 37 40 0.992096 0.00152476 0.00152476
-2.1 -1.6 40 43 0.993958 0.00136505 0.00136505
-2.1 -1.6 43 46 0.991593 0.00143317 0.00143317
-2.1 -1.6 46 49 0.991082 0.00134431 0.00134431
-2.1 -1.6 49 52 0.992053 0.00216316 0.00216316
-2.1 -1.6 52 55 0.991304 0.00287166 0.00287166
-2.1 -1.6 55 58 0.997202 0.00285236 0.00285236
-2.1 -1.6 58 61 0.991892 0.0041778 0.0041778
-2.1 -1.6 61 65 0.99748 0.00581776 0.00581776
-2.1 -1.6 65 70 0.990901 0.00557041 0.00557041
-2.1 -1.6 70 80 0.994061 0.00517714 0.00517714
-2.1 -1.6 80 90 0.992839 0.00802161 0.00802161
-2.1 -1.6 90 100 1.00744 0.0108142 0.0108142
-2.1 -1.6 100 150 0.998067 0.0124997 0.0124997
-2.1 -1.6 150 200 0.964896 0.019838 0.019838
-2.1 -1.6 200 500 0.99791 0.0296589 0.0296589
-1.6 -1.2 26 28 1.00451 0.0031847 0.0031847
-1.6 -1.2 28 31 0.999835 0.00217635 0.00217635
-1.6 -1.2 31 34 0.996721 0.00173308 0.00173308
-1.6 -1.2 34 37 0.995385 0.00138761 0.00138761
-1.6 -1.2 37 40 0.999144 0.00104942 0.00104942
-1.6 -1.2 40 43 0.998227 0.00106128 0.00106128
-1.6 -1.2 43 46 0.997749 0.00136708 0.00136708
-1.6 -1.2 46 49 0.995862 0.00122456 0.00122456
-1.6 -1.2 49 52 0.998726 0.00165136 0.00165136
-1.6 -1.2 52 55 0.997029 0.00217325 0.00217325
-1.6 -1.2 55 58 0.999261 0.00354156 0.00354156
-1.6 -1.2 58 61 1.00096 0.00329079 0.00329079
-1.6 -1.2 61 65 1.00186 0.00453642 0.00453642
-1.6 -1.2 65 70 1.0016 0.00397458 0.00397458
-1.6 -1.2 70 80 0.997105 0.00422149 0.00422149
-1.6 -1.2 80 90 0.99891 0.00586515 0.00586515
-1.6 -1.2 90 100 1.00769 0.00832354 0.00832354
-1.6 -1.2 100 150 0.991938 0.00856509 0.00856509
-1.6 -1.2 150 200 0.993584 0.0124293 0.0124293
-1.6 -1.2 200 500 0.980074 0.0184046 0.0184046
-1.2 -0.9 26 28 0.992691 0.00267894 0.00267894
-1.2 -0.9 28 31 0.997195 0.00157842 0.00157842
-1.2 -0.9 31 34 0.995315 0.00123321 0.00123321
-1.2 -0.9 34 37 0.996125 0.000939805 0.000939805
-1.2 -0.9 37 40 0.995834 0.000861291 0.000861291
-1.2 -0.9 40 43 0.995922 0.000631728 0.000631728
-1.2 -0.9 43 46 0.99663 0.000706418 0.000706418
-1.2 -0.9 46 49 0.996206 0.000760566 0.000760566
-1.2 -0.9 49 52 0.995084 0.00119539 0.00119539
-1.2 -0.9 52 55 0.999369 0.00129582 0.00129582
-1.2 -0.9 55 58 0.993445 0.0016199 0.0016199
-1.2 -0.9 58 61 0.991105 0.00197981 0.00197981
-1.2 -0.9 61 65 0.995642 0.00224463 0.00224463
-1.2 -0.9 65 70 1.00233 0.00225493 0.00225493
-1.2 -0.9 70 80 1.0025 0.00243875 0.00243875
-1.2 -0.9 80 90 0.993531 0.0037391 0.0037391
-1.2 -0.9 90 100 0.990032 0.00563172 0.00563172
-1.2 -0.9 100 150 0.997592 0.00402118 0.00402118
-1.2 -0.9 150 200 0.996674 0.0100012 0.0100012
-1.2 -0.9 200 500 1.00899 0.0208083 0.0208083
-0.9 -0.3 26 28 0.995949 0.00110906 0.00110906
-0.9 -0.3 28 31 0.996636 0.000836821 0.000836821
-0.9 -0.3 31 34 0.99707 0.000862594 0.000862594
-0.9 -0.3 34 37 0.994705 0.000584379 0.000584379
-0.9 -0.3 37 40 0.997148 0.000752988 0.000752988
-0.9 -0.3 40 43 0.996567 0.000597193 0.000597193
-0.9 -0.3 43 46 0.996513 0.000443093 0.000443093
-0.9 -0.3 46 49 0.996788 0.000917009 0.000917009
-0.9 -0.3 49 52 0.995547 0.000753185 0.000753185
-0.9 -0.3 52 55 0.998846 0.00117796 0.00117796
-0.9 -0.3 55 58 0.996968 0.00163407 0.00163407
-0.9 -0.3 58 61 0.995683 0.00146902 0.00146902
-0.9 -0.3 61 65 0.998437 0.00153521 0.00153521
-0.9 -0.3 65 70 0.997119 0.00186594 0.00186594
-0.9 -0.3 70 80 0.996707 0.00201527 0.00201527
-0.9 -0.3 80 90 0.996988 0.00326195 0.00326195
-0.9 -0.3 90 100 0.995119 0.0044436 0.0044436
-0.9 -0.3 100 150 0.995424 0.00286461 0.00286461
-0.9 -0.3 150 200 0.994983 0.00653918 0.00653918
-0.9 -0.3 200 500 0.989102 0.0106055 0.0106055
-0.3 -0.2 26 28 1.00382 0.00445699 0.00445699
-0.3 -0.2 28 31 0.993873 0.0027419 0.0027419
-0.3 -0.2 31 34 0.992795 0.00229011 0.00229011
-0.3 -0.2 34 37 0.993771 0.00206608 0.00206608
-0.3 -0.2 37 40 0.994282 0.00177866 0.00177866
-0.3 -0.2 40 43 0.996234 0.00164624 0.00164624
-0.3 -0.2 43 46 0.998727 0.00190393 0.00190393
-0.3 -0.2 46 49 0.999009 0.00209142 0.00209142
-0.3 -0.2 49 52 0.994138 0.00279942 0.00279942
-0.3 -0.2 52 55 0.991639 0.00377079 0.00377079
-0.3 -0.2 55 58 0.989469 0.00485893 0.00485893
-0.3 -0.2 58 61 0.983919 0.00559737 0.00559737
-0.3 -0.2 61 65 0.992943 0.00611386 0.00611386
-0.3 -0.2 65 70 0.993487 0.00668816 0.00668816
-0.3 -0.2 70 80 0.988773 0.0065766 0.0065766
-0.3 -0.2 80 90 0.98552 0.0112959 0.0112959
-0.3 -0.2 90 100 1.00867 0.0175653 0.0175653
-0.3 -0.2 100 150 0.996394 0.0114921 0.0114921
-0.3 -0.2 150 200 1.02806 0.0267844 0.0267844
-0.3 -0.2 200 500 0.984724 0.0299027 0.0299027
-0.2 0 26 28 0.995277 0.00211857 0.00211857
-0.2 0 28 31 0.996034 0.00163676 0.00163676
-0.2 0 31 34 0.992344 0.00113745 0.00113745
-0.2 0 34 37 0.993631 0.000941313 0.000941313
-0.2 0 37 40 0.993118 0.000814593 0.000814593
-0.2 0 40 43 0.995587 0.000730295 0.000730295
-0.2 0 43 46 0.995309 0.000998176 0.000998176
-0.2 0 46 49 0.994067 0.000863473 0.000863473
-0.2 0 49 52 0.994041 0.00148547 0.00148547
-0.2 0 52 55 0.996918 0.00217032 0.00217032
-0.2 0 55 58 0.995478 0.00184232 0.00184232
-0.2 0 58 61 0.996384 0.0026516 0.0026516
-0.2 0 61 65 0.997475 0.00287886 0.00287886
-0.2 0 65 70 0.99741 0.00270926 0.00270926
-0.2 0 70 80 0.994053 0.00272876 0.00272876
-0.2 0 80 90 0.99807 0.00447829 0.00447829
-0.2 0 90 100 1.0043 0.00566399 0.00566399
-0.2 0 100 150 1.00391 0.00715598 0.00715598
-0.2 0 150 200 1.00286 0.0112179 0.0112179
-0.2 0 200 500 1.02018 0.0193246 0.0193246
0 0.2 26 28 0.991145 0.00220631 0.00220631
0 0.2 28 31 0.993768 0.00140688 0.00140688
0 0.2 31 34 0.996314 0.00110164 0.00110164
0 0.2 34 37 0.996871 0.000979706 0.000979706
0 0.2 37 40 0.994199 0.000813351 0.000813351
0 0.2 40 43 0.995384 0.000721249 0.000721249
0 0.2 43 46 0.994529 0.000787034 0.000787034
0 0.2 46 49 0.994975 0.00104477 0.00104477
0 0.2 49 52 0.99706 0.0012721 0.0012721
0 0.2 52 55 0.998356 0.00248333 0.00248333
0 0.2 55 58 0.991816 0.00183819 0.00183819
0 0.2 58 61 0.988624 0.0022883 0.0022883
0 0.2 61 65 0.996135 0.00245147 0.00245147
0 0.2 65 70 0.994609 0.00255401 0.00255401
0 0.2 70 80 1.00239 0.00288666 0.00288666
0 0.2 80 90 0.993499 0.0040925 0.0040925
0 0.2 90 100 1.00547 0.00686062 0.00686062
0 0.2 100 150 1.0006 0.00456241 0.00456241
0 0.2 150 200 0.988277 0.0119776 0.0119776
0 0.2 200 500 1.00963 0.0139125 0.0139125
0.2 0.3 26 28 0.989376 0.00418804 0.00418804
0.2 0.3 28 31 0.998855 0.00375503 0.00375503
0.2 0.3 31 34 0.998235 0.00266905 0.00266905
0.2 0.3 34 37 0.994578 0.00201771 0.00201771
0.2 0.3 37 40 0.992142 0.00178946 0.00178946
0.2 0.3 40 43 0.995269 0.00165514 0.00165514
0.2 0.3 43 46 0.997455 0.00174131 0.00174131
0.2 0.3 46 49 0.99788 0.00207558 0.00207558
0.2 0.3 49 52 1.00307 0.0031877 0.0031877
0.2 0.3 52 55 0.997312 0.00366146 0.00366146
0.2 0.3 55 58 1.00599 0.00544371 0.00544371
0.2 0.3 58 61 0.99943 0.00604771 0.00604771
0.2 0.3 61 65 0.99697 0.00736123 0.00736123
0.2 0.3 65 70 0.986864 0.00634599 0.00634599
0.2 0.3 70 80 0.991824 0.00684638 0.00684638
0.2 0.3 80 90 1.01571 0.01501 0.01501
0.2 0.3 90 100 0.991772 0.0172051 0.0172051
0.2 0.3 100 150 0.996069 0.012147 0.012147
0.2 0.3 150 200 0.966689 0.0227708 0.0227708
0.2 0.3 200 500 0.991707 0.0432635 0.0432635
0.3 0.9 26 28 0.9932 0.00138027 0.00138027
0.3 0.9 28 31 0.997957 0.000888284 0.000888284
0.3 0.9 31 34 0.995478 0.000867527 0.000867527
0.3 0.9 34 37 0.997356 0.000900827 0.000900827
0.3 0.9 37 40 0.996691 0.0006238 0.0006238
0.3 0.9 40 43 0.99643 0.000453587 0.000453587
0.3 0.9 43 46 0.996505 0.000499057 0.000499057
0.3 0.9 46 49 0.996887 0.000876877 0.000876877
0.3 0.9 49 52 0.995695 0.000805744 0.000805744
0.3 0.9 52 55 0.997337 0.00157808 0.00157808
0.3 0.9 55 58 0.997683 0.00134018 0.00134018
0.3 0.9 58 61 0.99453 0.00159555 0.00159555
0.3 0.9 61 65 0.996974 0.00156685 0.00156685
0.3 0.9 65 70 0.997528 0.00173426 0.00173426
0.3 0.9 70 80 0.996078 0.00169338 0.00169338
0.3 0.9 80 90 0.995616 0.00293259 0.00293259
0.3 0.9 90 100 0.997081 0.00354331 0.00354331
0.3 0.9 100 150 1.00018 0.00451396 0.00451396
0.3 0.9 150 200 1.00066 0.00682309 0.00682309
0.3 0.9 200 500 0.986105 0.00936271 0.00936271
0.9 1.2 26 28 0.995379 0.00306151 0.00306151
0.9 1.2 28 31 0.996394 0.00158432 0.00158432
0.9 1.2 31 34 0.997501 0.00143102 0.00143102
0.9 1.2 34 37 0.997781 0.000972945 0.000972945
0.9 1.2 37 40 0.996368 0.000757976 0.000757976
0.9 1.2 40 43 0.996288 0.000624969 0.000624969
0.9 1.2 43 46 0.995462 0.000619383 0.000619383
0.9 1.2 46 49 0.99516 0.000700853 0.000700853
0.9 1.2 49 52 0.994959 0.000975223 0.000975223
0.9 1.2 52 55 0.998362 0.00189458 0.00189458
0.9 1.2 55 58 0.995996 0.00145105 0.00145105
0.9 1.2 58 61 0.996046 0.0019384 0.0019384
0.9 1.2 61 65 0.993616 0.00208439 0.00208439
0.9 1.2 65 70 0.995838 0.00241099 0.00241099
0.9 1.2 70 80 0.994329 0.00243715 0.00243715
0.9 1.2 80 90 0.995966 0.00442513 0.00442513
0.9 1.2 90 100 0.991185 0.00526033 0.00526033
0.9 1.2 100 150 0.998241 0.00545152 0.00545152
0.9 1.2 150 200 1.00916 0.00815115 0.00815115
0.9 1.2 200 500 1.02379 0.0127676 0.0127676
1.2 1.6 26 28 0.999321 0.00361498 0.00361498
1.2 1.6 28 31 0.997 0.00209204 0.00209204
1.2 1.6 31 34 0.998276 0.00168275 0.00168275
1.2 1.6 34 37 0.997739 0.00143037 0.00143037
1.2 1.6 37 40 1.00087 0.00122224 0.00122224
1.2 1.6 40 43 1.00005 0.00102136 0.00102136
1.2 1.6 43 46 0.997918 0.000988516 0.000988516
1.2 1.6 46 49 0.996499 0.00094171 0.00094171
1.2 1.6 49 52 0.998501 0.00167638 0.00167638
1.2 1.6 52 55 0.997266 0.00213861 0.00213861
1.2 1.6 55 58 1.00025 0.00271574 0.00271574
1.2 1.6 58 61 1.00328 0.00261414 0.00261414
1.2 1.6 61 65 0.998567 0.00293245 0.00293245
1.2 1.6 65 70 0.996551 0.00480334 0.00480334
1.2 1.6 70 80 0.999893 0.00380259 0.00380259
1.2 1.6 80 90 0.998995 0.00583695 0.00583695
1.2 1.6 90 100 1.01369 0.00992664 0.00992664
1.2 1.6 100 150 0.995287 0.00616486 0.00616486
1.2 1.6 150 200 0.992143 0.0137131 0.0137131
1.2 1.6 200 500 1.0005 0.0194514 0.0194514
1.6 2.1 26 28 0.989507 0.00266673 0.00266673
1.6 2.1 28 31 0.99118 0.00213653 0.00213653
1.6 2.1 31 34 0.99412 0.00149739 0.00149739
1.6 2.1 34 37 0.990715 0.00169244 0.00169244
1.6 2.1 37 40 0.994229 0.00146218 0.00146218
1.6 2.1 40 43 0.993584 0.00125687 0.00125687
1.6 2.1 43 46 0.993079 0.00120541 0.00120541
1.6 2.1 46 49 0.990198 0.00143648 0.00143648
1.6 2.1 49 52 0.994682 0.0019263 0.0019263
1.6 2.1 52 55 0.992437 0.00204157 0.00204157
1.6 2.1 55 58 0.998438 0.00421263 0.00421263
1.6 2.1 58 61 0.992663 0.00394268 0.00394268
1.6 2.1 61 65 0.990904 0.00502494 0.00502494
1.6 2.1 65 70 0.992264 0.00536985 0.00536985
1.6 2.1 70 80 0.994183 0.00607216 0.00607216
1.6 2.1 80 90 0.995181 0.00710932 0.00710932
1.6 2.1 90 100 0.984666 0.0118722 0.0118722
1.6 2.1 100 150 0.996024 0.00756407 0.00756407
1.6 2.1 150 200 1.02411 0.0206093 0.0206093
1.6 2.1 200 500 0.969348 0.0204828 0.0204828
2.1 2.4 26 28 0.974453 0.00584868 0.00584868
2.1 2.4 28 31 0.980297 0.00413348 0.00413348
2.1 2.4 31 34 0.987686 0.00391498 0.00391498
2.1 2.4 34 37 0.985312 0.00286717 0.00286717
2.1 2.4 37 40 0.982027 0.00260431 0.00260431
2.1 2.4 40 43 0.983655 0.00241283 0.00241283
2.1 2.4 43 46 0.980334 0.00240457 0.00240457
2.1 2.4 46 49 0.985384 0.0029073 0.0029073
2.1 2.4 49 52 0.985583 0.00380562 0.00380562
2.1 2.4 52 55 0.989693 0.00512924 0.00512924
2.1 2.4 55 58 0.98926 0.006338 0.006338
2.1 2.4 58 61 0.968297 0.0075295 0.0075295
2.1 2.4 61 65 0.995728 0.00908008 0.00908008
2.1 2.4 65 70 0.986326 0.00923773 0.00923773
2.1 2.4 70 80 0.98327 0.00984607 0.00984607
2.1 2.4 80 90 0.977474 0.0139132 0.0139132
2.1 2.4 90 100 1.00552 0.0203246 0.0203246
2.1 2.4 100 150 1.00942 0.0173987 0.0173987
2.1 2.4 150 200 1.03131 0.0442105 0.0442105
2.1 2.4 200 500 0.874066 0.0649 0.0649
