-2.4 -2.1 26 28 0.986411 0 0
-2.4 -2.1 28 31 0.989981 0 0
-2.4 -2.1 31 34 0.983717 0 0
-2.4 -2.1 34 37 0.982396 0 0
-2.4 -2.1 37 40 0.990577 0 0
-2.4 -2.1 40 43 0.987544 0 0
-2.4 -2.1 43 46 0.989816 0 0
-2.4 -2.1 46 49 0.994599 0 0
-2.4 -2.1 49 52 0.985824 0 0
-2.4 -2.1 52 55 1.00396 0 0
-2.4 -2.1 55 58 0.975884 0 0
-2.4 -2.1 58 61 1.00394 0 0
-2.4 -2.1 61 65 1.00225 0 0
-2.4 -2.1 65 70 1.00457 0 0
-2.4 -2.1 70 80 0.99238 0 0
-2.4 -2.1 80 90 1.00982 0 0
-2.4 -2.1 90 100 1.00014 0 0
-2.4 -2.1 100 150 1.01887 0 0
-2.4 -2.1 150 200 0.996879 0 0
-2.4 -2.1 200 500 0.976658 0 0
-2.1 -1.6 26 28 0.990002 0 0
-2.1 -1.6 28 31 0.991549 0 0
-2.1 -1.6 31 34 0.994044 0 0
-2.1 -1.6 34 37 0.992159 0 0
-2.1 -1.6 37 40 0.99362 0 0
-2.1 -1.6 40 43 0.995323 0 0
-2.1 -1.6 43 46 0.993026 0 0
-2.1 -1.6 46 49 0.992426 0 0
-2.1 -1.6 49 52 0.994216 0 0
-2.1 -1.6 52 55 0.994175 0 0
-2.1 -1.6 55 58 1.00005 0 0
-2.1 -1.6 58 61 0.996069 0 0
-2.1 -1.6 61 65 1.0033 0 0
-2.1 -1.6 65 70 0.996471 0 0
-2.1 -1.6 70 80 0.999239 0 0
-2.1 -1.6 80 90 1.00086 0 0
-2.1 -1.6 90 100 1.01825 0 0
-2.1 -1.6 100 150 1.01057 0 0
-2.1 -1.6 150 200 0.984734 0 0
-2.1 -1.6 200 500 1.02757 0 0
-1.6 -1.2 26 28 1.00769 0 0
-1.6 -1.2 28 31 1.00201 0 0
-1.6 -1.2 31 34 0.998454 0 0
-1.6 -1.2 34 37 0.996773 0 0
-1.6 -1.2 37 40 1.00019 0 0
-1.6 -1.2 40 43 0.999288 0 0
-1.6 -1.2 43 46 0.999116 0 0
-1.6 -1.2 46 49 0.997087 0 0
-1.6 -1.2 49 52 1.00038 0 0
-1.6 -1.2 52 55 0.999202 0 0
-1.6 -1.2 55 58 1.0028 0 0
-1.6 -1.2 58 61 1.00425 0 0
-1.6 -1.2 61 65 1.0064 0 0
-1.6 -1.2 65 70 1.00558 0 0
-1.6 -1.2 70 80 1.00133 0 0
-1.6 -1.2 80 90 1.00478 0 0
-1.6 -1.2 90 100 1.01601 0 0
-1.6 -1.2 100 150 1.0005 0 0
-1.6 -1.2 150 200 1.00601 0 0
-1.6 -1.2 200 500 0.998478 0 0
-1.2 -0.9 26 28 0.99537 0 0
-1.2 -0.9 28 31 0.998773 0 0
-1.2 -0.9 31 34 0.996548 0 0
-1.2 -0.9 34 37 0.997065 0 0
-1.2 -0.9 37 40 0.996695 0 0
-1.2 -0.9 40 43 0.996554 0 0
-1.2 -0.9 43 46 0.997337 0 0
-1.2 -0.9 46 49 0.996966 0 0
-1.2 -0.9 49 52 0.996279 0 0
-1.2 -0.9 52 55 1.00066 0 0
-1.2 -0.9 55 58 0.995065 0 0
-1.2 -0.9 58 61 0.993085 0 0
-1.2 -0.9 61 65 0.997887 0 0
-1.2 -0.9 65 70 1.00458 0 0
-1.2 -0.9 70 80 1.00494 0 0
-1.2 -0.9 80 90 0.997271 0 0
-1.2 -0.9 90 100 0.995664 0 0
-1.2 -0.9 100 150 1.00161 0 0
-1.2 -0.9 150 200 1.00668 0 0
-1.2 -0.9 200 500 1.0298 0 0
-0.9 -0.3 26 28 0.997058 0 0
-0.9 -0.3 28 31 0.997473 0 0
-0.9 -0.3 31 34 0.997933 0 0
-0.9 -0.3 34 37 0.995289 0 0
-0.9 -0.3 37 40 0.997901 0 0
-0.9 -0.3 40 43 0.997164 0 0
-0.9 -0.3 43 46 0.996957 0 0
-0.9 -0.3 46 49 0.997705 0 0
-0.9 -0.3 49 52 0.9963 0 0
-0.9 -0.3 52 55 1.00002 0 0
-0.9 -0.3 55 58 0.998602 0 0
-0.9 -0.3 58 61 0.997152 0 0
-0.9 -0.3 61 65 0.999972 0 0
-0.9 -0.3 65 70 0.998985 0 0
-0.9 -0.3 70 80 0.998722 0 0
-0.9 -0.3 80 90 1.00025 0 0
-0.9 -0.3 90 100 0.999563 0 0
-0.9 -0.3 100 150 0.998288 0 0
-0.9 -0.3 150 200 1.00152 0 0
-0.9 -0.3 200 500 0.999707 0 0
-0.3 -0.2 26 28 1.00828 0 0
-0.3 -0.2 28 31 0.996615 0 0
-0.3 -0.2 31 34 0.995085 0 0
-0.3 -0.2 34 37 0.995837 0 0
-0.3 -0.2 37 40 0.996061 0 0
-0.3 -0.2 40 43 0.99788 0 0
-0.3 -0.2 43 46 1.00063 0 0
-0.3 -0.2 46 49 1.0011 0 0
-0.3 -0.2 49 52 0.996937 0 0
-0.3 -0.2 52 55 0.995409 0 0
-0.3 -0.2 55 58 0.994328 0 0
-0.3 -0.2 58 61 0.989516 0 0
-0.3 -0.2 61 65 0.999057 0 0
-0.3 -0.2 65 70 1.00018 0 0
-0.3 -0.2 70 80 0.99535 0 0
-0.3 -0.2 80 90 0.996816 0 0
-0.3 -0.2 90 100 1.02624 0 0
-0.3 -0.2 100 150 1.00789 0 0
-0.3 -0.2 150 200 1.05485 0 0
-0.3 -0.2 200 500 1.01463 0 0
-0.2 0 26 28 0.997396 0 0
-0.2 0 28 31 0.997671 0 0
-0.2 0 31 34 0.993481 0 0
-0.2 0 34 37 0.994572 0 0
-0.2 0 37 40 0.993932 0 0
-0.2 0 40 43 0.996317 0 0
-0.2 0 43 46 0.996307 0 0
-0.2 0 46 49 0.994931 0 0
-0.2 0 49 52 0.995526 0 0
-0.2 0 52 55 0.999088 0 0
-0.2 0 55 58 0.99732 0 0
-0.2 0 58 61 0.999035 0 0
-0.2 0 61 65 1.00035 0 0
-0.2 0 65 70 1.00012 0 0
-0.2 0 70 80 0.996782 0 0
-0.2 0 80 90 1.00255 0 0
-0.2 0 90 100 1.00997 0 0
-0.2 0 100 150 1.01107 0 0
-0.2 0 150 200 1.01408 0 0
-0.2 0 200 500 1.03951 0 0
0 0.2 26 28 0.993351 0 0
0 0.2 28 31 0.995175 0 0
0 0.2 31 34 0.997416 0 0
0 0.2 34 37 0.997851 0 0
0 0.2 37 40 0.995012 0 0
0 0.2 40 43 0.996105 0 0
0 0.2 43 46 0.995316 0 0
0 0.2 46 49 0.99602 0 0
0 0.2 49 52 0.998332 0 0
0 0.2 52 55 1.00084 0 0
0 0.2 55 58 0.993654 0 0
0 0.2 58 61 0.990913 0 0
0 0.2 61 65 0.998587 0 0
0 0.2 65 70 0.997163 0 0
0 0.2 70 80 1.00527 0 0
0 0.2 80 90 0.997591 0 0
0 0.2 90 100 1.01233 0 0
0 0.2 100 150 1.00517 0 0
0 0.2 150 200 1.00025 0 0
0 0.2 200 500 1.02354 0 0
0.2 0.3 26 28 0.993564 0 0
0.2 0.3 28 31 1.00261 0 0
0.2 0.3 31 34 1.0009 0 0
0.2 0.3 34 37 0.996596 0 0
0.2 0.3 37 40 0.993932 0 0
0.2 0.3 40 43 0.996924 0 0
0.2 0.3 43 46 0.999196 0 0
0.2 0.3 46 49 0.999955 0 0
0.2 0.3 49 52 1.00626 0 0
0.2 0.3 52 55 1.00097 0 0
0.2 0.3 55 58 1.01144 0 0
0.2 0.3 58 61 1.00548 0 0
0.2 0.3 61 65 1.00433 0 0
0.2 0.3 65 70 0.99321 0 0
0.2 0.3 70 80 0.99867 0 0
0.2 0.3 80 90 1.03072 0 0
0.2 0.3 90 100 1.00898 0 0
0.2 0.3 100 150 1.00822 0 0
0.2 0.3 150 200 0.98946 0 0
0.2 0.3 200 500 1.03497 0 0
0.3 0.9 26 28 0.994581 0 0
0.3 0.9 28 31 0.998845 0 0
0.3 0.9 31 34 0.996346 0 0
0.3 0.9 34 37 0.998257 0 0
0.3 0.9 37 40 0.997315 0 0
0.3 0.9 40 43 0.996884 0 0
0.3 0.9 43 46 0.997004 0 0
0.3 0.9 46 49 0.997764 0 0
0.3 0.9 49 52 0.996501 0 0
0.3 0.9 52 55 0.998915 0 0
0.3 0.9 55 58 0.999023 0 0
0.3 0.9 58 61 0.996126 0 0
0.3 0.9 61 65 0.998541 0 0
0.3 0.9 65 70 0.999262 0 0
0.3 0.9 70 80 0.997772 0 0
0.3 0.9 80 90 0.998548 0 0
0.3 0.9 90 100 1.00062 0 0
0.3 0.9 100 150 1.00469 0 0
0.3 0.9 150 200 1.00748 0 0
0.3 0.9 200 500 0.995468 0 0
0.9 1.2 26 28 0.99844 0 0
0.9 1.2 28 31 0.997978 0 0
0.9 1.2 31 34 0.998932 0 0
0.9 1.2 34 37 0.998754 0 0
0.9 1.2 37 40 0.997126 0 0
0.9 1.2 40 43 0.996913 0 0
0.9 1.2 43 46 0.996081 0 0
0.9 1.2 46 49 0.99586 0 0
0.9 1.2 49 52 0.995935 0 0
0.9 1.2 52 55 1.00026 0 0
0.9 1.2 55 58 0.997447 0 0
0.9 1.2 58 61 0.997985 0 0
0.9 1.2 61 65 0.9957 0 0
0.9 1.2 65 70 0.998249 0 0
0.9 1.2 70 80 0.996767 0 0
0.9 1.2 80 90 1.00039 0 0
0.9 1.2 90 100 0.996445 0 0
0.9 1.2 100 150 1.00369 0 0
0.9 1.2 150 200 1.01731 0 0
0.9 1.2 200 500 1.03656 0 0
1.2 1.6 26 28 1.00294 0 0
1.2 1.6 28 31 0.999092 0 0
1.2 1.6 31 34 0.999958 0 0
1.2 1.6 34 37 0.99917 0 0
1.2 1.6 37 40 1.00209 0 0
1.2 1.6 40 43 1.00107 0 0
1.2 1.6 43 46 0.998907 0 0
1.2 1.6 46 49 0.997441 0 0
1.2 1.6 49 52 1.00018 0 0
1.2 1.6 52 55 0.999405 0 0
1.2 1.6 55 58 1.00297 0 0
1.2 1.6 58 61 1.0059 0 0
1.2 1.6 61 65 1.0015 0 0
1.2 1.6 65 70 1.00135 0 0
1.2 1.6 70 80 1.0037 0 0
1.2 1.6 80 90 1.00483 0 0
1.2 1.6 90 100 1.02361 0 0
1.2 1.6 100 150 1.00145 0 0
1.2 1.6 150 200 1.00586 0 0
1.2 1.6 200 500 1.01995 0 0
1.6 2.1 26 28 0.992174 0 0
1.6 2.1 28 31 0.993316 0 0
1.6 2.1 31 34 0.995617 0 0
1.6 2.1 34 37 0.992407 0 0
1.6 2.1 37 40 0.995692 0 0
1.6 2.1 40 43 0.994841 0 0
1.6 2.1 43 46 0.994284 0 0
1.6 2.1 46 49 0.991634 0 0
1.6 2.1 49 52 0.996608 0 0
1.6 2.1 52 55 0.994479 0 0
1.6 2.1 55 58 1.00265 0 0
1.6 2.1 58 61 0.996606 0 0
1.6 2.1 61 65 0.995929 0 0
1.6 2.1 65 70 0.997634 0 0
1.6 2.1 70 80 1.00025 0 0
1.6 2.1 80 90 1.00229 0 0
1.6 2.1 90 100 0.996538 0 0
1.6 2.1 100 150 1.00359 0 0
1.6 2.1 150 200 1.04471 0 0
1.6 2.1 200 500 0.989831 0 0
2.1 2.4 26 28 0.980302 0 0
2.1 2.4 28 31 0.984431 0 0
2.1 2.4 31 34 0.991601 0 0
2.1 2.4 34 37 0.988179 0 0
2.1 2.4 37 40 0.984632 0 0
2.1 2.4 40 43 0.986068 0 0
2.1 2.4 43 46 0.982739 0 0
2.1 2.4 46 49 0.988291 0 0
2.1 2.4 49 52 0.989388 0 0
2.1 2.4 52 55 0.994822 0 0
2.1 2.4 55 58 0.995598 0 0
2.1 2.4 58 61 0.975827 0 0
2.1 2.4 61 65 1.00481 0 0
2.1 2.4 65 70 0.995564 0 0
2.1 2.4 70 80 0.993116 0 0
2.1 2.4 80 90 0.991388 0 0
2.1 2.4 90 100 1.02584 0 0
2.1 2.4 100 150 1.02682 0 0
2.1 2.4 150 200 1.07552 0 0
2.1 2.4 200 500 0.938966 0 0
