-2.4   -2.1  0  10000  0.982741   0.001011   0.001011 
-2.1   -1.6  0  10000  0.992149   0.000252   0.000252 
-1.6   -1.2  0  10000  0.994382   0.000227   0.000227 
-1.2   -0.9  0  10000  0.995412   0.000266   0.000266 
-0.9   -0.6  0  10000  0.995896   0.000123   0.000123 
-0.6   -0.3  0  10000  0.995767   0.000119   0.000119 
-0.3   -0.2  0  10000  0.994363   0.000233   0.000233 
-0.2    0.2  0  10000  0.994700   0.000099   0.000099 
 0.2    0.3  0  10000  0.995835   0.000224   0.000224 
 0.3    0.6  0  10000  0.997718   0.000109   0.000109 
 0.6    0.9  0  10000  0.997370   0.000120   0.000120 
 0.9    1.2  0  10000  0.996884   0.000255   0.000255 
 1.2    1.6  0  10000  0.993423   0.000236   0.000236 
 1.6    2.1  0  10000  0.991586   0.000241   0.000241 
 2.1    2.4  0  10000  0.976802   0.001033   0.001033 
