 0.0   0.9    0.0    0.9  0.9734  0.0003  0.0003
 0.0   0.9    0.9    1.2  0.9658  0.0003  0.0003
 0.0   0.9    1.2    2.1  0.9759  0.0003  0.0003
 0.0   0.9    2.1    2.4  0.9635  0.0003  0.0003
 0.9   1.2    0.0    0.9  0.9727  0.0004  0.0004
 0.9   1.2    0.9    1.2  0.9652  0.0004  0.0004
 0.9   1.2    1.2    2.1  0.9752  0.0004  0.0004
 0.9   1.2    2.1    2.4  0.9629  0.0005  0.0005
 1.2   2.1    0.0    0.9  0.9773  0.0003  0.0003
 1.2   2.1    0.9    1.2  0.9698  0.0003  0.0003
 1.2   2.1    1.2    2.1  0.9799  0.0003  0.0003
 1.2   2.1    2.1    2.4  0.9675  0.0004  0.0004
 2.1   2.4    0.0    0.9  0.9448  0.0008  0.0008
 2.1   2.4    0.9    1.2  0.9375  0.0008  0.0008
 2.1   2.4    1.2    2.1  0.9473  0.0008  0.0008
 2.1   2.4    2.1    2.4  0.9353  0.0008  0.0008
