0.0   0.9   0.0   0.9   0.948179   0.002064   0.002064
0.0   0.9   0.9   1.2   0.960657   0.003264   0.003264
0.0   0.9   1.2   2.1   0.968998   0.002279   0.002279
0.0   0.9   2.1   2.4   0.960431   0.004853   0.004853
0.9   1.2   0.0   0.9   0.955935   0.003237   0.003237
0.9   1.2   0.9   1.2   0.964931   0.004481   0.004481
0.9   1.2   1.2   2.1   0.982130   0.003310   0.003310
0.9   1.2   2.1   2.4   0.951884   0.007100   0.007100
1.2   2.1   0.0   0.9   0.970120   0.002271   0.002271
1.2   2.1   0.9   1.2   0.979653   0.003360   0.003360
1.2   2.1   1.2   2.1   0.991621   0.002269   0.002269
1.2   2.1   2.1   2.4   0.983483   0.004452   0.004452
2.1   2.4   0.0   0.9   0.970599   0.005336   0.005336
2.1   2.4   0.9   1.2   0.960382   0.006911   0.006911
2.1   2.4   1.2   2.1   0.981527   0.004555   0.004555
2.1   2.4   2.1   2.4   0.968428   0.007639   0.007639
