0.0   0.9   0   0.9   0.999706   0.   0.
0.0   0.9   0.9   1.2   1.00034   0.   0.
0.0   0.9   1.2   2.1   0.994649   0.   0.
0.0   0.9   2.1   2.4   1.00014   0.   0.
0.9   1.2   0   0.9   0.999922   0.   0.
0.9   1.2   0.9   1.2   0.999982   0.   0.
0.9   1.2   1.2   2.1   1.0008   0.   0.
0.9   1.2   2.1   2.4   0.988224   0.   0.
1.2   2.1   0   0.9   0.996705   0.   0.
1.2   2.1   0.9   1.2   1.00111   0.   0.
1.2   2.1   1.2   2.1   0.997466   0.   0.
1.2   2.1   2.1   2.4   0.995971   0.   0.
2.1   2.4   0   0.9   0.998506   0.   0.
2.1   2.4   0.9   1.2   1.00023   0.   0.
2.1   2.4   1.2   2.1   0.995541   0.   0.
2.1   2.4   2.1   2.4   1.00113   0.   0.

