-2.4   -2.1   10   15   0.927740   0.150169   0.150169 
-2.4   -2.1   15   20   0.954626   0.032581   0.032581 
-2.4   -2.1   20   25   0.954535   0.014998   0.014998 
-2.4   -2.1   25   30   0.965947   0.009226   0.009226 
-2.4   -2.1   30   35   0.970149   0.003969   0.003969 
-2.4   -2.1   35   40   0.972980   0.003939   0.003939 
-2.4   -2.1   40   45   0.974024   0.002543   0.002543 
-2.4   -2.1   45   50   0.969541   0.003839   0.003839 
-2.4   -2.1   50   55   0.966081   0.010350   0.010350 
-2.4   -2.1   55   60   0.964815   0.026932   0.026932 
-2.4   -2.1   60   120   0.942905   0.035387   0.035387 
-2.1   -1.6   10   15   0.996377   0.035987   0.035987 
-2.1   -1.6   15   20   0.985762   0.016155   0.016155 
-2.1   -1.6   20   25   0.968120   0.013451   0.013451 
-2.1   -1.6   25   30   0.977249   0.007177   0.007177 
-2.1   -1.6   30   35   0.988566   0.002698   0.002698 
-2.1   -1.6   35   40   0.987793   0.001277   0.001277 
-2.1   -1.6   40   45   0.987318   0.001796   0.001796 
-2.1   -1.6   45   50   0.989140   0.002139   0.002139 
-2.1   -1.6   50   55   0.985545   0.002851   0.002851 
-2.1   -1.6   55   60   0.992886   0.005951   0.005951 
-2.1   -1.6   60   120   0.990095   0.004104   0.004104 
-1.6   -1.2   10   15   0.882742   0.129214   0.129214 
-1.6   -1.2   15   20   1.002724   0.051783   0.051783 
-1.6   -1.2   20   25   0.986429   0.012236   0.012236 
-1.6   -1.2   25   30   0.983930   0.012423   0.012423 
-1.6   -1.2   30   35   0.994078   0.006996   0.006996 
-1.6   -1.2   35   40   0.995832   0.001751   0.001751 
-1.6   -1.2   40   45   0.998490   0.002320   0.002320 
-1.6   -1.2   45   50   0.997370   0.003272   0.003272 
-1.6   -1.2   50   55   0.996310   0.006874   0.006874 
-1.6   -1.2   55   60   0.987739   0.009265   0.009265 
-1.6   -1.2   60   120   0.982034   0.013152   0.013152 
-1.2   -0.9   10   15   0.885986   0.132073   0.132073 
-1.2   -0.9   15   20   0.993912   0.104934   0.104934 
-1.2   -0.9   20   25   0.979208   0.022935   0.022935 
-1.2   -0.9   25   30   0.987375   0.010779   0.010779 
-1.2   -0.9   30   35   0.990966   0.003906   0.003906 
-1.2   -0.9   35   40   0.994850   0.006705   0.006705 
-1.2   -0.9   40   45   0.992759   0.013234   0.013234 
-1.2   -0.9   45   50   0.995769   0.002247   0.002247 
-1.2   -0.9   50   55   0.998313   0.002894   0.002894 
-1.2   -0.9   55   60   0.996688   0.009274   0.009274 
-1.2   -0.9   60   120   0.974956   0.062821   0.062821 
-0.9   -0.3   10   15   0.920174   0.104067   0.104067 
-0.9   -0.3   15   20   1.016617   0.063514   0.063514 
-0.9   -0.3   20   25   0.987761   0.030407   0.030407 
-0.9   -0.3   25   30   0.984700   0.009161   0.009161 
-0.9   -0.3   30   35   0.989767   0.005108   0.005108 
-0.9   -0.3   35   40   0.994309   0.012061   0.012061 
-0.9   -0.3   40   45   0.994643   0.014015   0.014015 
-0.9   -0.3   45   50   0.995216   0.002540   0.002540 
-0.9   -0.3   50   55   0.997316   0.004085   0.004085 
-0.9   -0.3   55   60   0.991441   0.004348   0.004348 
-0.9   -0.3   60   120   0.986234   0.009677   0.009677 
-0.3   -0.2   10   15   1.279562   0.528214   0.528214 
-0.3   -0.2   15   20   0.963653   0.116150   0.116150 
-0.3   -0.2   20   25   0.967448   0.030013   0.030013 
-0.3   -0.2   25   30   0.969679   0.018420   0.018420 
-0.3   -0.2   30   35   0.977074   0.005359   0.005359 
-0.3   -0.2   35   40   0.982455   0.005939   0.005939 
-0.3   -0.2   40   45   0.983472   0.004486   0.004486 
-0.3   -0.2   45   50   0.985287   0.006146   0.006146 
-0.3   -0.2   50   55   0.985736   0.011895   0.011895 
-0.3   -0.2   55   60   0.978063   0.010866   0.010866 
-0.3   -0.2   60   120   0.974548   0.024512   0.024512 
-0.2   0.2   10   15   1.111017   0.220244   0.220244 
-0.2   0.2   15   20   1.028879   0.070468   0.070468 
-0.2   0.2   20   25   0.961441   0.029612   0.029612 
-0.2   0.2   25   30   0.980042   0.008307   0.008307 
-0.2   0.2   30   35   0.982446   0.006371   0.006371 
-0.2   0.2   35   40   0.989096   0.003733   0.003733 
-0.2   0.2   40   45   0.991414   0.003162   0.003162 
-0.2   0.2   45   50   0.994659   0.011503   0.011503 
-0.2   0.2   50   55   0.995852   0.004705   0.004705 
-0.2   0.2   55   60   0.996993   0.008899   0.008899 
-0.2   0.2   60   120   0.985959   0.086581   0.086581 
0.2   0.3   10   15   1.249174   0.359737   0.359737 
0.2   0.3   15   20   0.894507   0.081767   0.081767 
0.2   0.3   20   25   0.947536   0.031578   0.031578 
0.2   0.3   25   30   0.977972   0.014924   0.014924 
0.2   0.3   30   35   0.973317   0.013116   0.013116 
0.2   0.3   35   40   0.985711   0.004114   0.004114 
0.2   0.3   40   45   0.986685   0.004545   0.004545 
0.2   0.3   45   50   0.984754   0.004498   0.004498 
0.2   0.3   50   55   0.990131   0.007912   0.007912 
0.2   0.3   55   60   0.972397   0.015049   0.015049 
0.2   0.3   60   120   0.989642   0.012472   0.012472 
0.3   0.9   10   15   0.985957   0.078297   0.078297 
0.3   0.9   15   20   0.966543   0.097312   0.097312 
0.3   0.9   20   25   0.978290   0.038788   0.038788 
0.3   0.9   25   30   0.991750   0.011340   0.011340 
0.3   0.9   30   35   0.990703   0.002401   0.002401 
0.3   0.9   35   40   0.996739   0.002406   0.002406 
0.3   0.9   40   45   0.997014   0.002574   0.002574 
0.3   0.9   45   50   0.996529   0.002300   0.002300 
0.3   0.9   50   55   0.995807   0.002603   0.002603 
0.3   0.9   55   60   0.988373   0.010507   0.010507 
0.3   0.9   60   120   0.990178   0.004508   0.004508 
0.9   1.2   10   15   0.819367   0.269144   0.269144 
0.9   1.2   15   20   0.990909   0.028417   0.028417 
0.9   1.2   20   25   0.988643   0.025324   0.025324 
0.9   1.2   25   30   0.996302   0.013642   0.013642 
0.9   1.2   30   35   0.997523   0.003236   0.003236 
0.9   1.2   35   40   0.991380   0.001354   0.001354 
0.9   1.2   40   45   0.994342   0.012083   0.012083 
0.9   1.2   45   50   0.995511   0.002776   0.002776 
0.9   1.2   50   55   0.994518   0.005334   0.005334 
0.9   1.2   55   60   0.987178   0.007440   0.007440 
0.9   1.2   60   120   0.982521   0.012239   0.012239 
1.2   1.6   10   15   0.839470   0.320463   0.320463 
1.2   1.6   15   20   0.999572   0.041642   0.041642 
1.2   1.6   20   25   0.976150   0.055242   0.055242 
1.2   1.6   25   30   1.000380   0.024431   0.024431 
1.2   1.6   30   35   0.997560   0.003922   0.003922 
1.2   1.6   35   40   0.996244   0.002403   0.002403 
1.2   1.6   40   45   0.996024   0.002396   0.002396 
1.2   1.6   45   50   0.999319   0.003328   0.003328 
1.2   1.6   50   55   0.994692   0.013081   0.013081 
1.2   1.6   55   60   0.963017   0.024510   0.024510 
1.2   1.6   60   120   0.932240   0.134770   0.134770 
1.6   2.1   10   15   0.936241   0.078706   0.078706 
1.6   2.1   15   20   0.975268   0.015074   0.015074 
1.6   2.1   20   25   0.969444   0.015106   0.015106 
1.6   2.1   25   30   0.980337   0.007847   0.007847 
1.6   2.1   30   35   0.990927   0.001569   0.001569 
1.6   2.1   35   40   0.991049   0.001674   0.001674 
1.6   2.1   40   45   0.992568   0.001889   0.001889 
1.6   2.1   45   50   0.993255   0.003077   0.003077 
1.6   2.1   50   55   0.987549   0.007766   0.007766 
1.6   2.1   55   60   0.995087   0.006179   0.006179 
1.6   2.1   60   120   0.962220   0.044900   0.044900 
2.1   2.4   10   15   0.919282   0.024067   0.024067 
2.1   2.4   15   20   0.927918   0.020470   0.020470 
2.1   2.4   20   25   0.953270   0.018174   0.018174 
2.1   2.4   25   30   0.960793   0.007951   0.007951 
2.1   2.4   30   35   0.964059   0.004311   0.004311 
2.1   2.4   35   40   0.973636   0.004978   0.004978 
2.1   2.4   40   45   0.974029   0.004610   0.004610 
2.1   2.4   45   50   0.971584   0.003222   0.003222 
2.1   2.4   50   55   0.977606   0.006930   0.006930 
2.1   2.4   55   60   0.970699   0.017587   0.017587 
2.1   2.4   60   120   0.978548   0.021600   0.021600 
