0.0   0.9   0.0   0.9   0.993773   0.   0.
0.0   0.9   0.9   1.2   0.991347   0.   0.
0.0   0.9   1.2   2.1   0.99218   0.   0.
0.0   0.9   2.1   2.4   0.985978   0.   0.
0.9   1.2   0.0   0.9   0.993552   0.   0.
0.9   1.2   0.9   1.2   0.990002   0.   0.
0.9   1.2   1.2   2.1   0.993774   0.   0.
0.9   1.2   2.1   2.4   0.982967   0.   0.
1.2   2.1   0.0   0.9   0.99187   0.   0.
1.2   2.1   0.9   1.2   0.990974   0.   0.
1.2   2.1   1.2   2.1   0.995123   0.   0.
1.2   2.1   2.1   2.4   0.99028   0.   0.
2.1   2.4   0.0   0.9   0.984059   0.   0.
2.1   2.4   0.9   1.2   0.991923   0.   0.
2.1   2.4   1.2   2.1   0.990353   0.   0.
2.1   2.4   2.1   2.4   0.980196   0.   0.


