-2.5   -2.4   10   15   1.043777   0.094826   0.094826 
-2.5   -2.4   15   20   0.818173   0.030089   0.030089 
-2.5   -2.4   20   25   0.837529   0.022278   0.022278 
-2.5   -2.4   25   30   0.839263   0.013407   0.013407 
-2.5   -2.4   30   35   0.881828   0.008156   0.008156 
-2.5   -2.4   35   40   0.937266   0.006624   0.006624 
-2.5   -2.4   40   42   0.934724   0.010798   0.010798 
-2.5   -2.4   42   44   0.947539   0.011323   0.011323 
-2.5   -2.4   44   46   0.950680   0.013207   0.013207 
-2.5   -2.4   46   48   0.965841   0.013068   0.013068 
-2.5   -2.4   48   50   0.924781   0.016049   0.016049 
-2.5   -2.4   50   55   0.925358   0.012924   0.012924 
-2.5   -2.4   55   60   0.903906   0.021987   0.021987 
-2.5   -2.4   60   70   0.929507   0.024966   0.024966 
-2.5   -2.4   70   100   1.016182   0.029512   0.029512 
-2.5   -2.4   100   1000   1.063299   0.042674   0.042674 
-2.4   -2.3   10   15   0.909048   0.061339   0.061339 
-2.4   -2.3   15   20   0.803499   0.025285   0.025285 
-2.4   -2.3   20   25   0.891432   0.019746   0.019746 
-2.4   -2.3   25   30   0.895794   0.012022   0.012022 
-2.4   -2.3   30   35   0.940565   0.007916   0.007916 
-2.4   -2.3   35   40   0.945188   0.006759   0.006759 
-2.4   -2.3   40   42   0.980148   0.009262   0.009262 
-2.4   -2.3   42   44   0.979836   0.012806   0.012806 
-2.4   -2.3   44   46   1.002420   0.010319   0.010319 
-2.4   -2.3   46   48   0.986803   0.010388   0.010388 
-2.4   -2.3   48   50   0.988740   0.014443   0.014443 
-2.4   -2.3   50   55   0.997715   0.012089   0.012089 
-2.4   -2.3   55   60   1.010745   0.018547   0.018547 
-2.4   -2.3   60   70   1.036831   0.023940   0.023940 
-2.4   -2.3   70   100   1.066345   0.026585   0.026585 
-2.4   -2.3   100   1000   1.070097   0.035936   0.035936 
-2.3   -2.2   10   15   0.820091   0.058331   0.058331 
-2.3   -2.2   15   20   0.765492   0.024409   0.024409 
-2.3   -2.2   20   25   0.864323   0.017671   0.017671 
-2.3   -2.2   25   30   0.854750   0.010114   0.010114 
-2.3   -2.2   30   35   0.919296   0.007409   0.007409 
-2.3   -2.2   35   40   0.943692   0.005413   0.005413 
-2.3   -2.2   40   42   0.936320   0.007411   0.007411 
-2.3   -2.2   42   44   0.955637   0.007376   0.007376 
-2.3   -2.2   44   46   0.957470   0.007276   0.007276 
-2.3   -2.2   46   48   0.964799   0.008796   0.008796 
-2.3   -2.2   48   50   0.977803   0.013243   0.013243 
-2.3   -2.2   50   55   0.986917   0.010182   0.010182 
-2.3   -2.2   55   60   0.984172   0.016184   0.016184 
-2.3   -2.2   60   70   0.960242   0.018133   0.018133 
-2.3   -2.2   70   100   0.976516   0.019085   0.019085 
-2.3   -2.2   100   1000   1.005350   0.028061   0.028061 
-2.2   -2.1   10   15   0.661202   0.042314   0.042314 
-2.2   -2.1   15   20   0.757951   0.023410   0.023410 
-2.2   -2.1   20   25   0.801910   0.016010   0.016010 
-2.2   -2.1   25   30   0.850719   0.009584   0.009584 
-2.2   -2.1   30   35   0.870779   0.006510   0.006510 
-2.2   -2.1   35   40   0.897302   0.004443   0.004443 
-2.2   -2.1   40   42   0.910915   0.007000   0.007000 
-2.2   -2.1   42   44   0.926776   0.007154   0.007154 
-2.2   -2.1   44   46   0.932779   0.007206   0.007206 
-2.2   -2.1   46   48   0.945090   0.008434   0.008434 
-2.2   -2.1   48   50   0.950558   0.009527   0.009527 
-2.2   -2.1   50   55   0.966564   0.008842   0.008842 
-2.2   -2.1   55   60   0.929460   0.014429   0.014429 
-2.2   -2.1   60   70   0.960454   0.016762   0.016762 
-2.2   -2.1   70   100   0.969956   0.015343   0.015343 
-2.2   -2.1   100   1000   1.018966   0.024473   0.024473 
-2.1   -2.0   10   15   0.673832   0.038838   0.038838 
-2.1   -2.0   15   20   0.706365   0.022663   0.022663 
-2.1   -2.0   20   25   0.815746   0.015428   0.015428 
-2.1   -2.0   25   30   0.850089   0.009407   0.009407 
-2.1   -2.0   30   35   0.912318   0.006511   0.006511 
-2.1   -2.0   35   40   0.919150   0.004666   0.004666 
-2.1   -2.0   40   42   0.914357   0.005983   0.005983 
-2.1   -2.0   42   44   0.937542   0.005723   0.005723 
-2.1   -2.0   44   46   0.953558   0.006805   0.006805 
-2.1   -2.0   46   48   0.941336   0.007383   0.007383 
-2.1   -2.0   48   50   0.947926   0.008176   0.008176 
-2.1   -2.0   50   55   0.937298   0.006988   0.006988 
-2.1   -2.0   55   60   0.936690   0.011449   0.011449 
-2.1   -2.0   60   70   0.936181   0.013648   0.013648 
-2.1   -2.0   70   100   0.973102   0.014236   0.014236 
-2.1   -2.0   100   1000   0.949968   0.021394   0.021394 
-2.0   -1.8   10   15   0.642370   0.027114   0.027114 
-2.0   -1.8   15   20   0.752885   0.015610   0.015610 
-2.0   -1.8   20   25   0.824920   0.010316   0.010316 
-2.0   -1.8   25   30   0.897434   0.006375   0.006375 
-2.0   -1.8   30   35   0.928923   0.003992   0.003992 
-2.0   -1.8   35   40   0.940728   0.002634   0.002634 
-2.0   -1.8   40   42   0.961868   0.004076   0.004076 
-2.0   -1.8   42   44   0.969020   0.003909   0.003909 
-2.0   -1.8   44   46   0.976741   0.004233   0.004233 
-2.0   -1.8   46   48   0.976227   0.004266   0.004266 
-2.0   -1.8   48   50   0.977417   0.005466   0.005466 
-2.0   -1.8   50   55   0.966790   0.005034   0.005034 
-2.0   -1.8   55   60   0.983627   0.007315   0.007315 
-2.0   -1.8   60   70   0.980277   0.009353   0.009353 
-2.0   -1.8   70   100   0.970643   0.008985   0.008985 
-2.0   -1.8   100   1000   1.001481   0.013207   0.013207 
-1.8   -1.6   10   15   0.678064   0.027838   0.027838 
-1.8   -1.6   15   20   0.799035   0.015598   0.015598 
-1.8   -1.6   20   25   0.867627   0.010211   0.010211 
-1.8   -1.6   25   30   0.901704   0.006251   0.006251 
-1.8   -1.6   30   35   0.930380   0.004412   0.004412 
-1.8   -1.6   35   40   0.956505   0.002984   0.002984 
-1.8   -1.6   40   42   0.971182   0.003994   0.003994 
-1.8   -1.6   42   44   0.967457   0.003512   0.003512 
-1.8   -1.6   44   46   0.981358   0.003399   0.003399 
-1.8   -1.6   46   48   0.981344   0.003892   0.003892 
-1.8   -1.6   48   50   0.978814   0.004599   0.004599 
-1.8   -1.6   50   55   0.985294   0.004266   0.004266 
-1.8   -1.6   55   60   0.981199   0.006616   0.006616 
-1.8   -1.6   60   70   0.995599   0.007071   0.007071 
-1.8   -1.6   70   100   0.973538   0.007882   0.007882 
-1.8   -1.6   100   1000   0.984428   0.009434   0.009434 
-1.6   -1.4   10   15   0.875801   0.057988   0.057988 
-1.6   -1.4   15   20   0.949641   0.036695   0.036695 
-1.6   -1.4   20   25   0.950728   0.018430   0.018430 
-1.6   -1.4   25   30   0.987774   0.013379   0.013379 
-1.6   -1.4   30   35   1.003360   0.008565   0.008565 
-1.6   -1.4   35   40   0.994950   0.005612   0.005612 
-1.6   -1.4   40   42   0.980633   0.007684   0.007684 
-1.6   -1.4   42   44   0.994635   0.007640   0.007640 
-1.6   -1.4   44   46   0.994334   0.007364   0.007364 
-1.6   -1.4   46   48   0.954911   0.008280   0.008280 
-1.6   -1.4   48   50   0.956781   0.009308   0.009308 
-1.6   -1.4   50   55   0.964679   0.009063   0.009063 
-1.6   -1.4   55   60   0.987032   0.015285   0.015285 
-1.6   -1.4   60   70   0.949888   0.016244   0.016244 
-1.6   -1.4   70   100   0.994584   0.022987   0.022987 
-1.6   -1.4   100   1000   0.967182   0.024304   0.024304 
-1.4   -1.2   10   15   1.020089   0.040683   0.040683 
-1.4   -1.2   15   20   0.898148   0.015883   0.015883 
-1.4   -1.2   20   25   0.940419   0.008844   0.008844 
-1.4   -1.2   25   30   0.940754   0.005586   0.005586 
-1.4   -1.2   30   35   0.952366   0.003763   0.003763 
-1.4   -1.2   35   40   0.963142   0.002046   0.002046 
-1.4   -1.2   40   42   0.965158   0.002610   0.002610 
-1.4   -1.2   42   44   0.971616   0.002408   0.002408 
-1.4   -1.2   44   46   0.974569   0.020972   0.020972 
-1.4   -1.2   46   48   0.977506   0.002512   0.002512 
-1.4   -1.2   48   50   0.976028   0.003227   0.003227 
-1.4   -1.2   50   55   0.973906   0.002762   0.002762 
-1.4   -1.2   55   60   0.981067   0.004570   0.004570 
-1.4   -1.2   60   70   0.979946   0.005223   0.005223 
-1.4   -1.2   70   100   0.975457   0.005977   0.005977 
-1.4   -1.2   100   1000   0.990826   0.008712   0.008712 
-1.2   -1.0   10   15   0.887971   0.031831   0.031831 
-1.2   -1.0   15   20   0.925339   0.015516   0.015516 
-1.2   -1.0   20   25   0.926791   0.008734   0.008734 
-1.2   -1.0   25   30   0.931760   0.005408   0.005408 
-1.2   -1.0   30   35   0.962513   0.003424   0.003424 
-1.2   -1.0   35   40   0.962786   0.002304   0.002304 
-1.2   -1.0   40   42   0.965300   0.002591   0.002591 
-1.2   -1.0   42   44   0.970686   0.002433   0.002433 
-1.2   -1.0   44   46   0.970280   0.002230   0.002230 
-1.2   -1.0   46   48   0.967910   0.002506   0.002506 
-1.2   -1.0   48   50   0.970959   0.003273   0.003273 
-1.2   -1.0   50   55   0.973720   0.002586   0.002586 
-1.2   -1.0   55   60   0.973243   0.004249   0.004249 
-1.2   -1.0   60   70   0.966290   0.005262   0.005262 
-1.2   -1.0   70   100   0.964131   0.006016   0.006016 
-1.2   -1.0   100   1000   0.954557   0.008338   0.008338 
-1.0   -0.8   10   15   0.868298   0.030106   0.030106 
-1.0   -0.8   15   20   0.925536   0.015022   0.015022 
-1.0   -0.8   20   25   0.924607   0.008095   0.008095 
-1.0   -0.8   25   30   0.956068   0.003989   0.003989 
-1.0   -0.8   30   35   0.962013   0.003026   0.003026 
-1.0   -0.8   35   40   0.968995   0.016247   0.016247 
-1.0   -0.8   40   42   0.965579   0.002283   0.002283 
-1.0   -0.8   42   44   0.971658   0.002100   0.002100 
-1.0   -0.8   44   46   0.970684   0.002147   0.002147 
-1.0   -0.8   46   48   0.977489   0.002447   0.002447 
-1.0   -0.8   48   50   0.978025   0.003594   0.003594 
-1.0   -0.8   50   55   0.981090   0.002854   0.002854 
-1.0   -0.8   55   60   0.969649   0.004837   0.004837 
-1.0   -0.8   60   70   0.976399   0.004820   0.004820 
-1.0   -0.8   70   100   0.988467   0.005675   0.005675 
-1.0   -0.8   100   1000   1.002353   0.007930   0.007930 
-0.8   -0.6   10   15   0.784386   0.025518   0.025518 
-0.8   -0.6   15   20   0.896089   0.015311   0.015311 
-0.8   -0.6   20   25   0.906315   0.008780   0.008780 
-0.8   -0.6   25   30   0.938165   0.005091   0.005091 
-0.8   -0.6   30   35   0.962703   0.002829   0.002829 
-0.8   -0.6   35   40   0.965731   0.001868   0.001868 
-0.8   -0.6   40   42   0.966146   0.002480   0.002480 
-0.8   -0.6   42   44   0.971984   0.002314   0.002314 
-0.8   -0.6   44   46   0.973784   0.002406   0.002406 
-0.8   -0.6   46   48   0.970072   0.002680   0.002680 
-0.8   -0.6   48   50   0.971412   0.003348   0.003348 
-0.8   -0.6   50   55   0.968802   0.002550   0.002550 
-0.8   -0.6   55   60   0.970783   0.004017   0.004017 
-0.8   -0.6   60   70   0.968754   0.004866   0.004866 
-0.8   -0.6   70   100   0.966903   0.005680   0.005680 
-0.8   -0.6   100   1000   0.980335   0.007821   0.007821 
-0.6   -0.4   10   15   0.752939   0.026029   0.026029 
-0.6   -0.4   15   20   0.841048   0.016309   0.016309 
-0.6   -0.4   20   25   0.911726   0.008732   0.008732 
-0.6   -0.4   25   30   0.942882   0.005382   0.005382 
-0.6   -0.4   30   35   0.956809   0.002718   0.002718 
-0.6   -0.4   35   40   0.960916   0.001788   0.001788 
-0.6   -0.4   40   42   0.959718   0.002407   0.002407 
-0.6   -0.4   42   44   0.967659   0.002289   0.002289 
-0.6   -0.4   44   46   0.966182   0.002509   0.002509 
-0.6   -0.4   46   48   0.964807   0.002491   0.002491 
-0.6   -0.4   48   50   0.971466   0.003184   0.003184 
-0.6   -0.4   50   55   0.969746   0.003063   0.003063 
-0.6   -0.4   55   60   0.975465   0.004894   0.004894 
-0.6   -0.4   60   70   0.972578   0.004826   0.004826 
-0.6   -0.4   70   100   0.976853   0.004897   0.004897 
-0.6   -0.4   100   1000   1.003527   0.007710   0.007710 
-0.4   -0.2   10   15   0.751900   0.029217   0.029217 
-0.4   -0.2   15   20   0.858562   0.014395   0.014395 
-0.4   -0.2   20   25   0.910880   0.008282   0.008282 
-0.4   -0.2   25   30   0.942438   0.004877   0.004877 
-0.4   -0.2   30   35   0.949084   0.002756   0.002756 
-0.4   -0.2   35   40   0.959856   0.001863   0.001863 
-0.4   -0.2   40   42   0.962343   0.002493   0.002493 
-0.4   -0.2   42   44   0.964822   0.002084   0.002084 
-0.4   -0.2   44   46   0.973355   0.002494   0.002494 
-0.4   -0.2   46   48   0.965875   0.002526   0.002526 
-0.4   -0.2   48   50   0.960831   0.003202   0.003202 
-0.4   -0.2   50   55   0.970718   0.002982   0.002982 
-0.4   -0.2   55   60   0.977758   0.004124   0.004124 
-0.4   -0.2   60   70   0.964993   0.004307   0.004307 
-0.4   -0.2   70   100   0.972163   0.005546   0.005546 
-0.4   -0.2   100   1000   0.976229   0.006502   0.006502 
-0.2   0.0   10   15   0.656908   0.028346   0.028346 
-0.2   0.0   15   20   0.850248   0.014968   0.014968 
-0.2   0.0   20   25   0.893917   0.007547   0.007547 
-0.2   0.0   25   30   0.929764   0.003961   0.003961 
-0.2   0.0   30   35   0.937344   0.002652   0.002652 
-0.2   0.0   35   40   0.953296   0.001914   0.001914 
-0.2   0.0   40   42   0.964088   0.002513   0.002513 
-0.2   0.0   42   44   0.955394   0.002146   0.002146 
-0.2   0.0   44   46   0.960986   0.002216   0.002216 
-0.2   0.0   46   48   0.964357   0.002512   0.002512 
-0.2   0.0   48   50   0.963275   0.003143   0.003143 
-0.2   0.0   50   55   0.958304   0.002894   0.002894 
-0.2   0.0   55   60   0.963501   0.004084   0.004084 
-0.2   0.0   60   70   0.961438   0.004760   0.004760 
-0.2   0.0   70   100   0.978948   0.012063   0.012063 
-0.2   0.0   100   1000   0.967710   0.006928   0.006928 
0.0   0.2   10   15   0.744212   0.035280   0.035280 
0.0   0.2   15   20   0.869049   0.014447   0.014447 
0.0   0.2   20   25   0.928841   0.008361   0.008361 
0.0   0.2   25   30   0.944342   0.004367   0.004367 
0.0   0.2   30   35   0.962331   0.002728   0.002728 
0.0   0.2   35   40   0.969188   0.019235   0.019235 
0.0   0.2   40   42   0.970855   0.002374   0.002374 
0.0   0.2   42   44   0.973567   0.009474   0.009474 
0.0   0.2   44   46   0.969531   0.016611   0.016611 
0.0   0.2   46   48   0.979302   0.002877   0.002877 
0.0   0.2   48   50   0.978293   0.003352   0.003352 
0.0   0.2   50   55   0.975516   0.002976   0.002976 
0.0   0.2   55   60   0.994934   0.005234   0.005234 
0.0   0.2   60   70   0.976694   0.019267   0.019267 
0.0   0.2   70   100   0.984570   0.005099   0.005099 
0.0   0.2   100   1000   0.989745   0.007323   0.007323 
0.2   0.4   10   15   0.793156   0.032620   0.032620 
0.2   0.4   15   20   0.855504   0.014010   0.014010 
0.2   0.4   20   25   0.926868   0.009735   0.009735 
0.2   0.4   25   30   0.966653   0.005080   0.005080 
0.2   0.4   30   35   0.977894   0.011241   0.011241 
0.2   0.4   35   40   0.985908   0.001892   0.001892 
0.2   0.4   40   42   0.993947   0.002724   0.002724 
0.2   0.4   42   44   1.000076   0.002452   0.002452 
0.2   0.4   44   46   0.993877   0.002367   0.002367 
0.2   0.4   46   48   0.998698   0.002694   0.002694 
0.2   0.4   48   50   0.994490   0.003536   0.003536 
0.2   0.4   50   55   0.994657   0.002759   0.002759 
0.2   0.4   55   60   0.994633   0.004726   0.004726 
0.2   0.4   60   70   0.988627   0.005094   0.005094 
0.2   0.4   70   100   1.009038   0.006228   0.006228 
0.2   0.4   100   1000   1.010753   0.008676   0.008676 
0.4   0.6   10   15   0.807461   0.029043   0.029043 
0.4   0.6   15   20   0.884112   0.014338   0.014338 
0.4   0.6   20   25   0.916993   0.008827   0.008827 
0.4   0.6   25   30   0.974870   0.022188   0.022188 
0.4   0.6   30   35   0.975490   0.002921   0.002921 
0.4   0.6   35   40   0.975700   0.001956   0.001956 
0.4   0.6   40   42   0.983079   0.002555   0.002555 
0.4   0.6   42   44   0.993395   0.002578   0.002578 
0.4   0.6   44   46   0.986179   0.002300   0.002300 
0.4   0.6   46   48   0.996985   0.002719   0.002719 
0.4   0.6   48   50   0.991820   0.003546   0.003546 
0.4   0.6   50   55   0.992186   0.003079   0.003079 
0.4   0.6   55   60   0.996943   0.005312   0.005312 
0.4   0.6   60   70   0.995975   0.004858   0.004858 
0.4   0.6   70   100   1.004192   0.006036   0.006036 
0.4   0.6   100   1000   0.994783   0.007594   0.007594 
0.6   0.8   10   15   0.869259   0.027124   0.027124 
0.6   0.8   15   20   0.925825   0.015177   0.015177 
0.6   0.8   20   25   0.942616   0.009073   0.009073 
0.6   0.8   25   30   0.959366   0.004892   0.004892 
0.6   0.8   30   35   0.972122   0.003189   0.003189 
0.6   0.8   35   40   0.980120   0.001897   0.001897 
0.6   0.8   40   42   0.983117   0.002938   0.002938 
0.6   0.8   42   44   0.985112   0.002373   0.002373 
0.6   0.8   44   46   0.992371   0.002472   0.002472 
0.6   0.8   46   48   0.990376   0.002618   0.002618 
0.6   0.8   48   50   0.988454   0.003424   0.003424 
0.6   0.8   50   55   0.993217   0.003323   0.003323 
0.6   0.8   55   60   0.987976   0.004974   0.004974 
0.6   0.8   60   70   0.986597   0.004439   0.004439 
0.6   0.8   70   100   0.993785   0.005729   0.005729 
0.6   0.8   100   1000   1.004488   0.008296   0.008296 
0.8   1.0   10   15   0.860619   0.018569   0.018569 
0.8   1.0   15   20   0.921679   0.014062   0.014062 
0.8   1.0   20   25   0.942802   0.009230   0.009230 
0.8   1.0   25   30   0.955479   0.005044   0.005044 
0.8   1.0   30   35   0.977727   0.003309   0.003309 
0.8   1.0   35   40   0.986775   0.002259   0.002259 
0.8   1.0   40   42   0.987828   0.002452   0.002452 
0.8   1.0   42   44   0.993163   0.002452   0.002452 
0.8   1.0   44   46   0.995851   0.011424   0.011424 
0.8   1.0   46   48   0.990448   0.003050   0.003050 
0.8   1.0   48   50   0.986599   0.003648   0.003648 
0.8   1.0   50   55   0.983677   0.003055   0.003055 
0.8   1.0   55   60   0.992951   0.005041   0.005041 
0.8   1.0   60   70   0.994747   0.005318   0.005318 
0.8   1.0   70   100   0.993254   0.005421   0.005421 
0.8   1.0   100   1000   1.013900   0.008637   0.008637 
1.0   1.2   10   15   0.864902   0.031552   0.031552 
1.0   1.2   15   20   0.881545   0.015221   0.015221 
1.0   1.2   20   25   0.904853   0.008841   0.008841 
1.0   1.2   25   30   0.941928   0.004446   0.004446 
1.0   1.2   30   35   0.958768   0.003334   0.003334 
1.0   1.2   35   40   0.971181   0.002280   0.002280 
1.0   1.2   40   42   0.975435   0.002695   0.002695 
1.0   1.2   42   44   0.980100   0.002582   0.002582 
1.0   1.2   44   46   0.973596   0.002302   0.002302 
1.0   1.2   46   48   0.976941   0.002892   0.002892 
1.0   1.2   48   50   0.985094   0.003514   0.003514 
1.0   1.2   50   55   0.982684   0.003131   0.003131 
1.0   1.2   55   60   0.988555   0.004747   0.004747 
1.0   1.2   60   70   0.986103   0.006036   0.006036 
1.0   1.2   70   100   0.982556   0.006242   0.006242 
1.0   1.2   100   1000   0.989201   0.007772   0.007772 
1.2   1.4   10   15   0.927711   0.037293   0.037293 
1.2   1.4   15   20   0.907393   0.014445   0.014445 
1.2   1.4   20   25   0.939916   0.009358   0.009358 
1.2   1.4   25   30   0.950364   0.005113   0.005113 
1.2   1.4   30   35   0.954068   0.003580   0.003580 
1.2   1.4   35   40   0.968874   0.002195   0.002195 
1.2   1.4   40   42   0.964576   0.002852   0.002852 
1.2   1.4   42   44   0.964863   0.002337   0.002337 
1.2   1.4   44   46   0.975830   0.002582   0.002582 
1.2   1.4   46   48   0.980848   0.002855   0.002855 
1.2   1.4   48   50   0.981681   0.003471   0.003471 
1.2   1.4   50   55   0.979276   0.002878   0.002878 
1.2   1.4   55   60   0.987412   0.004627   0.004627 
1.2   1.4   60   70   0.983716   0.005079   0.005079 
1.2   1.4   70   100   0.993577   0.006722   0.006722 
1.2   1.4   100   1000   0.989238   0.008226   0.008226 
1.4   1.6   10   15   0.870889   0.056159   0.056159 
1.4   1.6   15   20   0.850498   0.032225   0.032225 
1.4   1.6   20   25   0.907018   0.019981   0.019981 
1.4   1.6   25   30   0.920329   0.012410   0.012410 
1.4   1.6   30   35   0.953557   0.008458   0.008458 
1.4   1.6   35   40   0.970997   0.006420   0.006420 
1.4   1.6   40   42   0.961890   0.008397   0.008397 
1.4   1.6   42   44   0.974265   0.007841   0.007841 
1.4   1.6   44   46   0.950568   0.007382   0.007382 
1.4   1.6   46   48   0.948038   0.008311   0.008311 
1.4   1.6   48   50   0.967627   0.009576   0.009576 
1.4   1.6   50   55   0.955059   0.008604   0.008604 
1.4   1.6   55   60   0.925969   0.013230   0.013230 
1.4   1.6   60   70   0.955753   0.020050   0.020050 
1.4   1.6   70   100   1.030083   0.024050   0.024050 
1.4   1.6   100   1000   0.984904   0.026340   0.026340 
1.6   1.8   10   15   0.696738   0.026345   0.026345 
1.6   1.8   15   20   0.770487   0.016268   0.016268 
1.6   1.8   20   25   0.855799   0.010103   0.010103 
1.6   1.8   25   30   0.886156   0.006141   0.006141 
1.6   1.8   30   35   0.923404   0.003931   0.003931 
1.6   1.8   35   40   0.956931   0.003040   0.003040 
1.6   1.8   40   42   0.966014   0.003691   0.003691 
1.6   1.8   42   44   0.972322   0.003231   0.003231 
1.6   1.8   44   46   0.961577   0.003713   0.003713 
1.6   1.8   46   48   0.977776   0.003599   0.003599 
1.6   1.8   48   50   0.973202   0.004222   0.004222 
1.6   1.8   50   55   0.978636   0.004351   0.004351 
1.6   1.8   55   60   0.965766   0.006074   0.006074 
1.6   1.8   60   70   0.985711   0.007158   0.007158 
1.6   1.8   70   100   0.993156   0.007644   0.007644 
1.6   1.8   100   1000   0.981508   0.011138   0.011138 
1.8   2.0   10   15   0.652866   0.029554   0.029554 
1.8   2.0   15   20   0.785934   0.015909   0.015909 
1.8   2.0   20   25   0.835001   0.010015   0.010015 
1.8   2.0   25   30   0.892737   0.006594   0.006594 
1.8   2.0   30   35   0.924934   0.004118   0.004118 
1.8   2.0   35   40   0.939180   0.003122   0.003122 
1.8   2.0   40   42   0.959387   0.004550   0.004550 
1.8   2.0   42   44   0.962349   0.003682   0.003682 
1.8   2.0   44   46   0.966521   0.004066   0.004066 
1.8   2.0   46   48   0.973778   0.004334   0.004334 
1.8   2.0   48   50   0.960976   0.005052   0.005052 
1.8   2.0   50   55   0.969039   0.004591   0.004591 
1.8   2.0   55   60   0.974813   0.008055   0.008055 
1.8   2.0   60   70   0.987976   0.009360   0.009360 
1.8   2.0   70   100   0.969030   0.009215   0.009215 
1.8   2.0   100   1000   0.977914   0.012936   0.012936 
2.0   2.1   10   15   0.656891   0.037535   0.037535 
2.0   2.1   15   20   0.782458   0.022759   0.022759 
2.0   2.1   20   25   0.828790   0.013198   0.013198 
2.0   2.1   25   30   0.869962   0.008630   0.008630 
2.0   2.1   30   35   0.904738   0.005700   0.005700 
2.0   2.1   35   40   0.922956   0.017134   0.017134 
2.0   2.1   40   42   0.929112   0.005419   0.005419 
2.0   2.1   42   44   0.945187   0.005993   0.005993 
2.0   2.1   44   46   0.958807   0.006294   0.006294 
2.0   2.1   46   48   0.948648   0.007049   0.007049 
2.0   2.1   48   50   0.954921   0.008067   0.008067 
2.0   2.1   50   55   0.969251   0.008407   0.008407 
2.0   2.1   55   60   0.961867   0.011986   0.011986 
2.0   2.1   60   70   0.965907   0.014148   0.014148 
2.0   2.1   70   100   0.984039   0.014382   0.014382 
2.0   2.1   100   1000   1.011349   0.024008   0.024008 
2.1   2.2   10   15   0.767982   0.048271   0.048271 
2.1   2.2   15   20   0.778613   0.023420   0.023420 
2.1   2.2   20   25   0.816788   0.015413   0.015413 
2.1   2.2   25   30   0.850720   0.009140   0.009140 
2.1   2.2   30   35   0.884298   0.006090   0.006090 
2.1   2.2   35   40   0.908304   0.004349   0.004349 
2.1   2.2   40   42   0.907646   0.006512   0.006512 
2.1   2.2   42   44   0.924716   0.006631   0.006631 
2.1   2.2   44   46   0.916545   0.006837   0.006837 
2.1   2.2   46   48   0.947534   0.008193   0.008193 
2.1   2.2   48   50   0.959049   0.009512   0.009512 
2.1   2.2   50   55   0.930123   0.008238   0.008238 
2.1   2.2   55   60   0.974092   0.013014   0.013014 
2.1   2.2   60   70   0.966662   0.017195   0.017195 
2.1   2.2   70   100   0.993696   0.017079   0.017079 
2.1   2.2   100   1000   0.966227   0.023513   0.023513 
2.2   2.3   10   15   0.731886   0.048542   0.048542 
2.2   2.3   15   20   0.783595   0.023800   0.023800 
2.2   2.3   20   25   0.817067   0.013285   0.013285 
2.2   2.3   25   30   0.835175   0.008826   0.008826 
2.2   2.3   30   35   0.871291   0.006256   0.006256 
2.2   2.3   35   40   0.910800   0.004737   0.004737 
2.2   2.3   40   42   0.910760   0.006465   0.006465 
2.2   2.3   42   44   0.907376   0.007034   0.007034 
2.2   2.3   44   46   0.917846   0.007743   0.007743 
2.2   2.3   46   48   0.925428   0.008083   0.008083 
2.2   2.3   48   50   0.941369   0.009690   0.009690 
2.2   2.3   50   55   0.937829   0.010206   0.010206 
2.2   2.3   55   60   0.945316   0.015586   0.015586 
2.2   2.3   60   70   0.952234   0.017871   0.017871 
2.2   2.3   70   100   0.957674   0.019828   0.019828 
2.2   2.3   100   1000   0.996826   0.027896   0.027896 
2.3   2.4   10   15   0.796613   0.054935   0.054935 
2.3   2.4   15   20   0.731576   0.024702   0.024702 
2.3   2.4   20   25   0.792947   0.014978   0.014978 
2.3   2.4   25   30   0.829472   0.009905   0.009905 
2.3   2.4   30   35   0.846152   0.006245   0.006245 
2.3   2.4   35   40   0.889046   0.004885   0.004885 
2.3   2.4   40   42   0.882486   0.007317   0.007317 
2.3   2.4   42   44   0.902366   0.007017   0.007017 
2.3   2.4   44   46   0.920456   0.008481   0.008481 
2.3   2.4   46   48   0.937773   0.010383   0.010383 
2.3   2.4   48   50   0.899070   0.011532   0.011532 
2.3   2.4   50   55   0.935128   0.011001   0.011001 
2.3   2.4   55   60   0.935724   0.017979   0.017979 
2.3   2.4   60   70   0.961159   0.020648   0.020648 
2.3   2.4   70   100   0.942978   0.021229   0.021229 
2.3   2.4   100   1000   0.994438   0.037461   0.037461 
2.4   2.5   10   15   0.924181   0.081916   0.081916 
2.4   2.5   15   20   0.775537   0.029931   0.029931 
2.4   2.5   20   25   0.730550   0.017088   0.017088 
2.4   2.5   25   30   0.775876   0.011229   0.011229 
2.4   2.5   30   35   0.824199   0.008673   0.008673 
2.4   2.5   35   40   0.849245   0.006140   0.006140 
2.4   2.5   40   42   0.865277   0.008829   0.008829 
2.4   2.5   42   44   0.857681   0.009059   0.009059 
2.4   2.5   44   46   0.884276   0.009974   0.009974 
2.4   2.5   46   48   0.848560   0.010802   0.010802 
2.4   2.5   48   50   0.896876   0.012849   0.012849 
2.4   2.5   50   55   0.909839   0.010866   0.010866 
2.4   2.5   55   60   0.913209   0.023009   0.023009 
2.4   2.5   60   70   0.971216   0.024843   0.024843 
2.4   2.5   70   100   0.922020   0.025467   0.025467 
2.4   2.5   100   1000   0.948228   0.038546   0.038546 
