0   0.9   0.0   0.9   0.994756   0.   0.
0   0.9   0.9   1.2   0.99293   0.   0.
0   0.9   1.2   2.1   0.991715   0.   0.
0   0.9   2.1   2.4   0.991536   0.   0.
0.9   1.2   0.0   0.9   0.994052   0.   0.
0.9   1.2   0.9   1.2   0.990027   0.   0.
0.9   1.2   1.2   2.1   0.9944   0.   0.
0.9   1.2   2.1   2.4   0.983913   0.   0.
1.2   2.1   0.0   0.9   0.993124   0.   0.
1.2   2.1   0.9   1.2   0.992325   0.   0.
1.2   2.1   1.2   2.1   0.994847   0.   0.
1.2   2.1   2.1   2.4   0.990692   0.   0.
2.1   2.4   0.0   0.9   0.991259   0.   0.
2.1   2.4   0.9   1.2   0.990963   0.   0.
2.1   2.4   1.2   2.1   0.989314   0.   0.
2.1   2.4   2.1   2.4   0.979119   0.   0.



