-2.5   -2.4   10   15   1.043777   0.270444   0.270444 
-2.5   -2.4   15   20   0.818173   0.045963   0.045963 
-2.5   -2.4   20   25   0.837529   0.051146   0.051146 
-2.5   -2.4   25   30   0.839263   0.030030   0.030030 
-2.5   -2.4   30   35   0.881828   0.019819   0.019819 
-2.5   -2.4   35   40   0.937266   0.020165   0.020165 
-2.5   -2.4   40   42   0.934724   0.011795   0.011795 
-2.5   -2.4   42   44   0.947539   0.041462   0.041462 
-2.5   -2.4   44   46   0.950680   0.027915   0.027915 
-2.5   -2.4   46   48   0.965841   0.038346   0.038346 
-2.5   -2.4   48   50   0.924781   0.022741   0.022741 
-2.5   -2.4   50   55   0.925358   0.042128   0.042128 
-2.5   -2.4   55   60   0.903906   0.030966   0.030966 
-2.5   -2.4   60   70   0.929507   0.056391   0.056391 
-2.5   -2.4   70   100   1.016182   0.044741   0.044741 
-2.5   -2.4   100   1000   1.063299   0.110491   0.110491 
-2.4   -2.3   10   15   0.909048   0.147183   0.147183 
-2.4   -2.3   15   20   0.803499   0.093857   0.093857 
-2.4   -2.3   20   25   0.891432   0.048544   0.048544 
-2.4   -2.3   25   30   0.895794   0.024527   0.024527 
-2.4   -2.3   30   35   0.940565   0.019560   0.019560 
-2.4   -2.3   35   40   0.945188   0.009041   0.009041 
-2.4   -2.3   40   42   0.980148   0.012411   0.012411 
-2.4   -2.3   42   44   0.979836   0.015381   0.015381 
-2.4   -2.3   44   46   1.002420   0.020012   0.020012 
-2.4   -2.3   46   48   0.986803   0.019732   0.019732 
-2.4   -2.3   48   50   0.988740   0.026261   0.026261 
-2.4   -2.3   50   55   0.997715   0.028490   0.028490 
-2.4   -2.3   55   60   1.010745   0.029283   0.029283 
-2.4   -2.3   60   70   1.036831   0.066867   0.066867 
-2.4   -2.3   70   100   1.066345   0.052339   0.052339 
-2.4   -2.3   100   1000   1.070097   0.045769   0.045769 
-2.3   -2.2   10   15   0.820091   0.120504   0.120504 
-2.3   -2.2   15   20   0.765492   0.040763   0.040763 
-2.3   -2.2   20   25   0.864323   0.032373   0.032373 
-2.3   -2.2   25   30   0.854750   0.029534   0.029534 
-2.3   -2.2   30   35   0.919296   0.012949   0.012949 
-2.3   -2.2   35   40   0.943692   0.007514   0.007514 
-2.3   -2.2   40   42   0.936320   0.008375   0.008375 
-2.3   -2.2   42   44   0.955637   0.010283   0.010283 
-2.3   -2.2   44   46   0.957470   0.010053   0.010053 
-2.3   -2.2   46   48   0.964799   0.015794   0.015794 
-2.3   -2.2   48   50   0.977803   0.019541   0.019541 
-2.3   -2.2   50   55   0.986917   0.020036   0.020036 
-2.3   -2.2   55   60   0.984172   0.025573   0.025573 
-2.3   -2.2   60   70   0.960242   0.048356   0.048356 
-2.3   -2.2   70   100   0.976516   0.029606   0.029606 
-2.3   -2.2   100   1000   1.005350   0.119567   0.119567 
-2.2   -2.1   10   15   0.661202   0.093418   0.093418 
-2.2   -2.1   15   20   0.757951   0.029966   0.029966 
-2.2   -2.1   20   25   0.801910   0.021917   0.021917 
-2.2   -2.1   25   30   0.850719   0.023422   0.023422 
-2.2   -2.1   30   35   0.870779   0.012771   0.012771 
-2.2   -2.1   35   40   0.897302   0.014389   0.014389 
-2.2   -2.1   40   42   0.910915   0.009150   0.009150 
-2.2   -2.1   42   44   0.926776   0.019819   0.019819 
-2.2   -2.1   44   46   0.932779   0.008252   0.008252 
-2.2   -2.1   46   48   0.945090   0.016849   0.016849 
-2.2   -2.1   48   50   0.950558   0.031246   0.031246 
-2.2   -2.1   50   55   0.966564   0.014294   0.014294 
-2.2   -2.1   55   60   0.929460   0.023636   0.023636 
-2.2   -2.1   60   70   0.960454   0.030254   0.030254 
-2.2   -2.1   70   100   0.969956   0.027733   0.027733 
-2.2   -2.1   100   1000   1.018966   0.079139   0.079139 
-2.1   -2.0   10   15   0.673832   0.076419   0.076419 
-2.1   -2.0   15   20   0.706365   0.028117   0.028117 
-2.1   -2.0   20   25   0.815746   0.029856   0.029856 
-2.1   -2.0   25   30   0.850089   0.019474   0.019474 
-2.1   -2.0   30   35   0.912318   0.016678   0.016678 
-2.1   -2.0   35   40   0.919150   0.010820   0.010820 
-2.1   -2.0   40   42   0.914357   0.010475   0.010475 
-2.1   -2.0   42   44   0.937542   0.006539   0.006539 
-2.1   -2.0   44   46   0.953558   0.008629   0.008629 
-2.1   -2.0   46   48   0.941336   0.027318   0.027318 
-2.1   -2.0   48   50   0.947926   0.016824   0.016824 
-2.1   -2.0   50   55   0.937298   0.021461   0.021461 
-2.1   -2.0   55   60   0.936690   0.025252   0.025252 
-2.1   -2.0   60   70   0.936181   0.038442   0.038442 
-2.1   -2.0   70   100   0.973102   0.018896   0.018896 
-2.1   -2.0   100   1000   0.949968   0.058831   0.058831 
-2.0   -1.8   10   15   0.642370   0.064877   0.064877 
-2.0   -1.8   15   20   0.752885   0.030063   0.030063 
-2.0   -1.8   20   25   0.824920   0.023534   0.023534 
-2.0   -1.8   25   30   0.897434   0.014522   0.014522 
-2.0   -1.8   30   35   0.928923   0.011484   0.011484 
-2.0   -1.8   35   40   0.940728   0.009595   0.009595 
-2.0   -1.8   40   42   0.961868   0.009554   0.009554 
-2.0   -1.8   42   44   0.969020   0.008408   0.008408 
-2.0   -1.8   44   46   0.976741   0.013584   0.013584 
-2.0   -1.8   46   48   0.976227   0.005293   0.005293 
-2.0   -1.8   48   50   0.977417   0.008689   0.008689 
-2.0   -1.8   50   55   0.966790   0.010728   0.010728 
-2.0   -1.8   55   60   0.983627   0.009205   0.009205 
-2.0   -1.8   60   70   0.980277   0.015377   0.015377 
-2.0   -1.8   70   100   0.970643   0.027922   0.027922 
-2.0   -1.8   100   1000   1.001481   0.017960   0.017960 
-1.8   -1.6   10   15   0.678064   0.055006   0.055006 
-1.8   -1.6   15   20   0.799035   0.035283   0.035283 
-1.8   -1.6   20   25   0.867627   0.034609   0.034609 
-1.8   -1.6   25   30   0.901704   0.016456   0.016456 
-1.8   -1.6   30   35   0.930380   0.019670   0.019670 
-1.8   -1.6   35   40   0.956505   0.006497   0.006497 
-1.8   -1.6   40   42   0.971182   0.007719   0.007719 
-1.8   -1.6   42   44   0.967457   0.007631   0.007631 
-1.8   -1.6   44   46   0.981358   0.004977   0.004977 
-1.8   -1.6   46   48   0.981344   0.008985   0.008985 
-1.8   -1.6   48   50   0.978814   0.005615   0.005615 
-1.8   -1.6   50   55   0.985294   0.008946   0.008946 
-1.8   -1.6   55   60   0.981199   0.015600   0.015600 
-1.8   -1.6   60   70   0.995599   0.014809   0.014809 
-1.8   -1.6   70   100   0.973538   0.026549   0.026549 
-1.8   -1.6   100   1000   0.984428   0.013440   0.013440 
-1.6   -1.4   10   15   0.875801   0.143639   0.143639 
-1.6   -1.4   15   20   0.949641   0.086816   0.086816 
-1.6   -1.4   20   25   0.950728   0.059171   0.059171 
-1.6   -1.4   25   30   0.987774   0.063701   0.063701 
-1.6   -1.4   30   35   1.003360   0.046958   0.046958 
-1.6   -1.4   35   40   0.994950   0.023679   0.023679 
-1.6   -1.4   40   42   0.980633   0.025395   0.025395 
-1.6   -1.4   42   44   0.994635   0.012159   0.012159 
-1.6   -1.4   44   46   0.994334   0.014160   0.014160 
-1.6   -1.4   46   48   0.954911   0.010246   0.010246 
-1.6   -1.4   48   50   0.956781   0.027046   0.027046 
-1.6   -1.4   50   55   0.964679   0.033182   0.033182 
-1.6   -1.4   55   60   0.987032   0.091854   0.091854 
-1.6   -1.4   60   70   0.949888   0.039634   0.039634 
-1.6   -1.4   70   100   0.994584   0.057957   0.057957 
-1.6   -1.4   100   1000   0.967182   0.074503   0.074503 
-1.4   -1.2   10   15   1.020089   0.262846   0.262846 
-1.4   -1.2   15   20   0.898148   0.035960   0.035960 
-1.4   -1.2   20   25   0.940419   0.020161   0.020161 
-1.4   -1.2   25   30   0.940754   0.013957   0.013957 
-1.4   -1.2   30   35   0.952366   0.009248   0.009248 
-1.4   -1.2   35   40   0.963142   0.005558   0.005558 
-1.4   -1.2   40   42   0.965158   0.004973   0.004973 
-1.4   -1.2   42   44   0.971616   0.004220   0.004220 
-1.4   -1.2   44   46   0.974569   0.006225   0.006225 
-1.4   -1.2   46   48   0.977506   0.004889   0.004889 
-1.4   -1.2   48   50   0.976028   0.003127   0.003127 
-1.4   -1.2   50   55   0.973906   0.006771   0.006771 
-1.4   -1.2   55   60   0.981067   0.007821   0.007821 
-1.4   -1.2   60   70   0.979946   0.014762   0.014762 
-1.4   -1.2   70   100   0.975457   0.013836   0.013836 
-1.4   -1.2   100   1000   0.990826   0.015594   0.015594 
-1.2   -1.0   10   15   0.887971   0.100540   0.100540 
-1.2   -1.0   15   20   0.925339   0.026881   0.026881 
-1.2   -1.0   20   25   0.926791   0.038639   0.038639 
-1.2   -1.0   25   30   0.931760   0.016530   0.016530 
-1.2   -1.0   30   35   0.962513   0.012437   0.012437 
-1.2   -1.0   35   40   0.962786   0.006373   0.006373 
-1.2   -1.0   40   42   0.965300   0.004347   0.004347 
-1.2   -1.0   42   44   0.970686   0.004266   0.004266 
-1.2   -1.0   44   46   0.970280   0.004278   0.004278 
-1.2   -1.0   46   48   0.967910   0.005098   0.005098 
-1.2   -1.0   48   50   0.970959   0.004565   0.004565 
-1.2   -1.0   50   55   0.973720   0.007271   0.007271 
-1.2   -1.0   55   60   0.973243   0.008130   0.008130 
-1.2   -1.0   60   70   0.966290   0.009746   0.009746 
-1.2   -1.0   70   100   0.964131   0.017133   0.017133 
-1.2   -1.0   100   1000   0.954557   0.016125   0.016125 
-1.0   -0.8   10   15   0.868298   0.105471   0.105471 
-1.0   -0.8   15   20   0.925536   0.026614   0.026614 
-1.0   -0.8   20   25   0.924607   0.021835   0.021835 
-1.0   -0.8   25   30   0.956068   0.014150   0.014150 
-1.0   -0.8   30   35   0.962013   0.008740   0.008740 
-1.0   -0.8   35   40   0.968995   0.017688   0.017688 
-1.0   -0.8   40   42   0.965579   0.004077   0.004077 
-1.0   -0.8   42   44   0.971658   0.003822   0.003822 
-1.0   -0.8   44   46   0.970684   0.004103   0.004103 
-1.0   -0.8   46   48   0.977489   0.003258   0.003258 
-1.0   -0.8   48   50   0.978025   0.007278   0.007278 
-1.0   -0.8   50   55   0.981090   0.008269   0.008269 
-1.0   -0.8   55   60   0.969649   0.017186   0.017186 
-1.0   -0.8   60   70   0.976399   0.012142   0.012142 
-1.0   -0.8   70   100   0.988467   0.012804   0.012804 
-1.0   -0.8   100   1000   1.002353   0.019438   0.019438 
-0.8   -0.6   10   15   0.784386   0.033710   0.033710 
-0.8   -0.6   15   20   0.896089   0.031495   0.031495 
-0.8   -0.6   20   25   0.906315   0.033836   0.033836 
-0.8   -0.6   25   30   0.938165   0.012051   0.012051 
-0.8   -0.6   30   35   0.962703   0.010529   0.010529 
-0.8   -0.6   35   40   0.965731   0.002988   0.002988 
-0.8   -0.6   40   42   0.966146   0.007092   0.007092 
-0.8   -0.6   42   44   0.971984   0.004474   0.004474 
-0.8   -0.6   44   46   0.973784   0.008594   0.008594 
-0.8   -0.6   46   48   0.970072   0.003643   0.003643 
-0.8   -0.6   48   50   0.971412   0.005601   0.005601 
-0.8   -0.6   50   55   0.968802   0.006370   0.006370 
-0.8   -0.6   55   60   0.970783   0.011023   0.011023 
-0.8   -0.6   60   70   0.968754   0.010288   0.010288 
-0.8   -0.6   70   100   0.966903   0.008302   0.008302 
-0.8   -0.6   100   1000   0.980335   0.011738   0.011738 
-0.6   -0.4   10   15   0.752939   0.043293   0.043293 
-0.6   -0.4   15   20   0.841048   0.028293   0.028293 
-0.6   -0.4   20   25   0.911726   0.015551   0.015551 
-0.6   -0.4   25   30   0.942882   0.021469   0.021469 
-0.6   -0.4   30   35   0.956809   0.007892   0.007892 
-0.6   -0.4   35   40   0.960916   0.003541   0.003541 
-0.6   -0.4   40   42   0.959718   0.004490   0.004490 
-0.6   -0.4   42   44   0.967659   0.009412   0.009412 
-0.6   -0.4   44   46   0.966182   0.004059   0.004059 
-0.6   -0.4   46   48   0.964807   0.005840   0.005840 
-0.6   -0.4   48   50   0.971466   0.004224   0.004224 
-0.6   -0.4   50   55   0.969746   0.006484   0.006484 
-0.6   -0.4   55   60   0.975465   0.007552   0.007552 
-0.6   -0.4   60   70   0.972578   0.010549   0.010549 
-0.6   -0.4   70   100   0.976853   0.011293   0.011293 
-0.6   -0.4   100   1000   1.003527   0.011230   0.011230 
-0.4   -0.2   10   15   0.751900   0.058002   0.058002 
-0.4   -0.2   15   20   0.858562   0.031038   0.031038 
-0.4   -0.2   20   25   0.910880   0.012002   0.012002 
-0.4   -0.2   25   30   0.942438   0.008481   0.008481 
-0.4   -0.2   30   35   0.949084   0.007832   0.007832 
-0.4   -0.2   35   40   0.959856   0.005022   0.005022 
-0.4   -0.2   40   42   0.962343   0.004030   0.004030 
-0.4   -0.2   42   44   0.964822   0.002771   0.002771 
-0.4   -0.2   44   46   0.973355   0.003791   0.003791 
-0.4   -0.2   46   48   0.965875   0.004998   0.004998 
-0.4   -0.2   48   50   0.960831   0.004305   0.004305 
-0.4   -0.2   50   55   0.970718   0.007016   0.007016 
-0.4   -0.2   55   60   0.977758   0.010123   0.010123 
-0.4   -0.2   60   70   0.964993   0.009855   0.009855 
-0.4   -0.2   70   100   0.972163   0.019760   0.019760 
-0.4   -0.2   100   1000   0.976229   0.011568   0.011568 
-0.2   0.0   10   15   0.656908   0.094469   0.094469 
-0.2   0.0   15   20   0.850248   0.020573   0.020573 
-0.2   0.0   20   25   0.893917   0.011512   0.011512 
-0.2   0.0   25   30   0.929764   0.007110   0.007110 
-0.2   0.0   30   35   0.937344   0.008124   0.008124 
-0.2   0.0   35   40   0.953296   0.002282   0.002282 
-0.2   0.0   40   42   0.964088   0.003022   0.003022 
-0.2   0.0   42   44   0.955394   0.005503   0.005503 
-0.2   0.0   44   46   0.960986   0.004162   0.004162 
-0.2   0.0   46   48   0.964357   0.004648   0.004648 
-0.2   0.0   48   50   0.963275   0.006012   0.006012 
-0.2   0.0   50   55   0.958304   0.010754   0.010754 
-0.2   0.0   55   60   0.963501   0.008417   0.008417 
-0.2   0.0   60   70   0.961438   0.009732   0.009732 
-0.2   0.0   70   100   0.978948   0.014093   0.014093 
-0.2   0.0   100   1000   0.967710   0.013453   0.013453 
0.0   0.2   10   15   0.744212   0.055768   0.055768 
0.0   0.2   15   20   0.869049   0.036157   0.036157 
0.0   0.2   20   25   0.928841   0.012140   0.012140 
0.0   0.2   25   30   0.944342   0.011308   0.011308 
0.0   0.2   30   35   0.962331   0.005019   0.005019 
0.0   0.2   35   40   0.969188   0.002284   0.002284 
0.0   0.2   40   42   0.970855   0.004254   0.004254 
0.0   0.2   42   44   0.973567   0.010826   0.010826 
0.0   0.2   44   46   0.969531   0.002680   0.002680 
0.0   0.2   46   48   0.979302   0.007004   0.007004 
0.0   0.2   48   50   0.978293   0.004972   0.004972 
0.0   0.2   50   55   0.975516   0.004278   0.004278 
0.0   0.2   55   60   0.994934   0.013266   0.013266 
0.0   0.2   60   70   0.976694   0.023742   0.023742 
0.0   0.2   70   100   0.984570   0.008584   0.008584 
0.0   0.2   100   1000   0.989745   0.018725   0.018725 
0.2   0.4   10   15   0.793156   0.101367   0.101367 
0.2   0.4   15   20   0.855504   0.031013   0.031013 
0.2   0.4   20   25   0.926868   0.037768   0.037768 
0.2   0.4   25   30   0.966653   0.006900   0.006900 
0.2   0.4   30   35   0.977894   0.014963   0.014963 
0.2   0.4   35   40   0.985908   0.003253   0.003253 
0.2   0.4   40   42   0.993947   0.003309   0.003309 
0.2   0.4   42   44   1.000076   0.003318   0.003318 
0.2   0.4   44   46   0.993877   0.007350   0.007350 
0.2   0.4   46   48   0.998698   0.008137   0.008137 
0.2   0.4   48   50   0.994490   0.007720   0.007720 
0.2   0.4   50   55   0.994657   0.006312   0.006312 
0.2   0.4   55   60   0.994633   0.005020   0.005020 
0.2   0.4   60   70   0.988627   0.011001   0.011001 
0.2   0.4   70   100   1.009038   0.016727   0.016727 
0.2   0.4   100   1000   1.010753   0.015429   0.015429 
0.4   0.6   10   15   0.807461   0.036920   0.036920 
0.4   0.6   15   20   0.884112   0.036434   0.036434 
0.4   0.6   20   25   0.916993   0.029761   0.029761 
0.4   0.6   25   30   0.974870   0.007120   0.007120 
0.4   0.6   30   35   0.975490   0.009823   0.009823 
0.4   0.6   35   40   0.975700   0.007197   0.007197 
0.4   0.6   40   42   0.983079   0.005690   0.005690 
0.4   0.6   42   44   0.993395   0.004050   0.004050 
0.4   0.6   44   46   0.986179   0.002566   0.002566 
0.4   0.6   46   48   0.996985   0.010160   0.010160 
0.4   0.6   48   50   0.991820   0.004819   0.004819 
0.4   0.6   50   55   0.992186   0.007750   0.007750 
0.4   0.6   55   60   0.996943   0.009443   0.009443 
0.4   0.6   60   70   0.995975   0.011532   0.011532 
0.4   0.6   70   100   1.004192   0.011789   0.011789 
0.4   0.6   100   1000   0.994783   0.028924   0.028924 
0.6   0.8   10   15   0.869259   0.049994   0.049994 
0.6   0.8   15   20   0.925825   0.045907   0.045907 
0.6   0.8   20   25   0.942616   0.013647   0.013647 
0.6   0.8   25   30   0.959366   0.010346   0.010346 
0.6   0.8   30   35   0.972122   0.008003   0.008003 
0.6   0.8   35   40   0.980120   0.003602   0.003602 
0.6   0.8   40   42   0.983117   0.003367   0.003367 
0.6   0.8   42   44   0.985112   0.005118   0.005118 
0.6   0.8   44   46   0.992371   0.004616   0.004616 
0.6   0.8   46   48   0.990376   0.003234   0.003234 
0.6   0.8   48   50   0.988454   0.004136   0.004136 
0.6   0.8   50   55   0.993217   0.009413   0.009413 
0.6   0.8   55   60   0.987976   0.011637   0.011637 
0.6   0.8   60   70   0.986597   0.007312   0.007312 
0.6   0.8   70   100   0.993785   0.012020   0.012020 
0.6   0.8   100   1000   1.004488   0.015813   0.015813 
0.8   1.0   10   15   0.860619   0.063004   0.063004 
0.8   1.0   15   20   0.921679   0.026979   0.026979 
0.8   1.0   20   25   0.942802   0.012367   0.012367 
0.8   1.0   25   30   0.955479   0.017697   0.017697 
0.8   1.0   30   35   0.977727   0.008240   0.008240 
0.8   1.0   35   40   0.986775   0.005972   0.005972 
0.8   1.0   40   42   0.987828   0.005618   0.005618 
0.8   1.0   42   44   0.993163   0.004879   0.004879 
0.8   1.0   44   46   0.995851   0.008591   0.008591 
0.8   1.0   46   48   0.990448   0.004345   0.004345 
0.8   1.0   48   50   0.986599   0.006760   0.006760 
0.8   1.0   50   55   0.983677   0.005239   0.005239 
0.8   1.0   55   60   0.992951   0.015114   0.015114 
0.8   1.0   60   70   0.994747   0.008563   0.008563 
0.8   1.0   70   100   0.993254   0.016069   0.016069 
0.8   1.0   100   1000   1.013900   0.009165   0.009165 
1.0   1.2   10   15   0.864902   0.074588   0.074588 
1.0   1.2   15   20   0.881545   0.049549   0.049549 
1.0   1.2   20   25   0.904853   0.022194   0.022194 
1.0   1.2   25   30   0.941928   0.025197   0.025197 
1.0   1.2   30   35   0.958768   0.013833   0.013833 
1.0   1.2   35   40   0.971181   0.005292   0.005292 
1.0   1.2   40   42   0.975435   0.006608   0.006608 
1.0   1.2   42   44   0.980100   0.004347   0.004347 
1.0   1.2   44   46   0.973596   0.003525   0.003525 
1.0   1.2   46   48   0.976941   0.004165   0.004165 
1.0   1.2   48   50   0.985094   0.008143   0.008143 
1.0   1.2   50   55   0.982684   0.004649   0.004649 
1.0   1.2   55   60   0.988555   0.009466   0.009466 
1.0   1.2   60   70   0.986103   0.013483   0.013483 
1.0   1.2   70   100   0.982556   0.017542   0.017542 
1.0   1.2   100   1000   0.989201   0.017301   0.017301 
1.2   1.4   10   15   0.927711   0.087324   0.087324 
1.2   1.4   15   20   0.907393   0.039988   0.039988 
1.2   1.4   20   25   0.939916   0.019181   0.019181 
1.2   1.4   25   30   0.950364   0.014048   0.014048 
1.2   1.4   30   35   0.954068   0.013821   0.013821 
1.2   1.4   35   40   0.968874   0.004576   0.004576 
1.2   1.4   40   42   0.964576   0.005814   0.005814 
1.2   1.4   42   44   0.964863   0.007736   0.007736 
1.2   1.4   44   46   0.975830   0.004499   0.004499 
1.2   1.4   46   48   0.980848   0.004266   0.004266 
1.2   1.4   48   50   0.981681   0.005936   0.005936 
1.2   1.4   50   55   0.979276   0.006830   0.006830 
1.2   1.4   55   60   0.987412   0.011502   0.011502 
1.2   1.4   60   70   0.983716   0.016587   0.016587 
1.2   1.4   70   100   0.993577   0.014281   0.014281 
1.2   1.4   100   1000   0.989238   0.025329   0.025329 
1.4   1.6   10   15   0.870889   0.084980   0.084980 
1.4   1.6   15   20   0.850498   0.049800   0.049800 
1.4   1.6   20   25   0.907018   0.123591   0.123591 
1.4   1.6   25   30   0.920329   0.044614   0.044614 
1.4   1.6   30   35   0.953557   0.035492   0.035492 
1.4   1.6   35   40   0.970997   0.020030   0.020030 
1.4   1.6   40   42   0.961890   0.013719   0.013719 
1.4   1.6   42   44   0.974265   0.020269   0.020269 
1.4   1.6   44   46   0.950568   0.012180   0.012180 
1.4   1.6   46   48   0.948038   0.011714   0.011714 
1.4   1.6   48   50   0.967627   0.020060   0.020060 
1.4   1.6   50   55   0.955059   0.012308   0.012308 
1.4   1.6   55   60   0.925969   0.086021   0.086021 
1.4   1.6   60   70   0.955753   0.070968   0.070968 
1.4   1.6   70   100   1.030083   0.068345   0.068345 
1.4   1.6   100   1000   0.984904   0.052703   0.052703 
1.6   1.8   10   15   0.696738   0.106966   0.106966 
1.6   1.8   15   20   0.770487   0.048569   0.048569 
1.6   1.8   20   25   0.855799   0.034839   0.034839 
1.6   1.8   25   30   0.886156   0.023697   0.023697 
1.6   1.8   30   35   0.923404   0.012058   0.012058 
1.6   1.8   35   40   0.956931   0.010233   0.010233 
1.6   1.8   40   42   0.966014   0.010717   0.010717 
1.6   1.8   42   44   0.972322   0.006358   0.006358 
1.6   1.8   44   46   0.961577   0.007064   0.007064 
1.6   1.8   46   48   0.977776   0.006962   0.006962 
1.6   1.8   48   50   0.973202   0.013340   0.013340 
1.6   1.8   50   55   0.978636   0.008186   0.008186 
1.6   1.8   55   60   0.965766   0.012201   0.012201 
1.6   1.8   60   70   0.985711   0.015634   0.015634 
1.6   1.8   70   100   0.993156   0.018433   0.018433 
1.6   1.8   100   1000   0.981508   0.021044   0.021044 
1.8   2.0   10   15   0.652866   0.073438   0.073438 
1.8   2.0   15   20   0.785934   0.023971   0.023971 
1.8   2.0   20   25   0.835001   0.024465   0.024465 
1.8   2.0   25   30   0.892737   0.015278   0.015278 
1.8   2.0   30   35   0.924934   0.013737   0.013737 
1.8   2.0   35   40   0.939180   0.010116   0.010116 
1.8   2.0   40   42   0.959387   0.007652   0.007652 
1.8   2.0   42   44   0.962349   0.003762   0.003762 
1.8   2.0   44   46   0.966521   0.010281   0.010281 
1.8   2.0   46   48   0.973778   0.008364   0.008364 
1.8   2.0   48   50   0.960976   0.010497   0.010497 
1.8   2.0   50   55   0.969039   0.012930   0.012930 
1.8   2.0   55   60   0.974813   0.010436   0.010436 
1.8   2.0   60   70   0.987976   0.031004   0.031004 
1.8   2.0   70   100   0.969030   0.018802   0.018802 
1.8   2.0   100   1000   0.977914   0.033069   0.033069 
2.0   2.1   10   15   0.656891   0.081023   0.081023 
2.0   2.1   15   20   0.782458   0.066630   0.066630 
2.0   2.1   20   25   0.828790   0.039076   0.039076 
2.0   2.1   25   30   0.869962   0.015999   0.015999 
2.0   2.1   30   35   0.904738   0.015340   0.015340 
2.0   2.1   35   40   0.922956   0.017548   0.017548 
2.0   2.1   40   42   0.929112   0.023840   0.023840 
2.0   2.1   42   44   0.945187   0.011746   0.011746 
2.0   2.1   44   46   0.958807   0.007767   0.007767 
2.0   2.1   46   48   0.948648   0.011554   0.011554 
2.0   2.1   48   50   0.954921   0.019744   0.019744 
2.0   2.1   50   55   0.969251   0.014322   0.014322 
2.0   2.1   55   60   0.961867   0.021262   0.021262 
2.0   2.1   60   70   0.965907   0.046471   0.046471 
2.0   2.1   70   100   0.984039   0.037058   0.037058 
2.0   2.1   100   1000   1.011349   0.041983   0.041983 
2.1   2.2   10   15   0.767982   0.074819   0.074819 
2.1   2.2   15   20   0.778613   0.040432   0.040432 
2.1   2.2   20   25   0.816788   0.019838   0.019838 
2.1   2.2   25   30   0.850720   0.021773   0.021773 
2.1   2.2   30   35   0.884298   0.011716   0.011716 
2.1   2.2   35   40   0.908304   0.010888   0.010888 
2.1   2.2   40   42   0.907646   0.014788   0.014788 
2.1   2.2   42   44   0.924716   0.007024   0.007024 
2.1   2.2   44   46   0.916545   0.011737   0.011737 
2.1   2.2   46   48   0.947534   0.010806   0.010806 
2.1   2.2   48   50   0.959049   0.023937   0.023937 
2.1   2.2   50   55   0.930123   0.010321   0.010321 
2.1   2.2   55   60   0.974092   0.034907   0.034907 
2.1   2.2   60   70   0.966662   0.034920   0.034920 
2.1   2.2   70   100   0.993696   0.023492   0.023492 
2.1   2.2   100   1000   0.966227   0.050650   0.050650 
2.2   2.3   10   15   0.731886   0.114174   0.114174 
2.2   2.3   15   20   0.783595   0.047360   0.047360 
2.2   2.3   20   25   0.817067   0.030550   0.030550 
2.2   2.3   25   30   0.835175   0.020538   0.020538 
2.2   2.3   30   35   0.871291   0.010337   0.010337 
2.2   2.3   35   40   0.910800   0.011311   0.011311 
2.2   2.3   40   42   0.910760   0.009413   0.009413 
2.2   2.3   42   44   0.907376   0.014647   0.014647 
2.2   2.3   44   46   0.917846   0.018012   0.018012 
2.2   2.3   46   48   0.925428   0.012993   0.012993 
2.2   2.3   48   50   0.941369   0.014504   0.014504 
2.2   2.3   50   55   0.937829   0.016397   0.016397 
2.2   2.3   55   60   0.945316   0.019858   0.019858 
2.2   2.3   60   70   0.952234   0.018876   0.018876 
2.2   2.3   70   100   0.957674   0.024142   0.024142 
2.2   2.3   100   1000   0.996826   0.083000   0.083000 
2.3   2.4   10   15   0.796613   0.095424   0.095424 
2.3   2.4   15   20   0.731576   0.032252   0.032252 
2.3   2.4   20   25   0.792947   0.021986   0.021986 
2.3   2.4   25   30   0.829472   0.026078   0.026078 
2.3   2.4   30   35   0.846152   0.015920   0.015920 
2.3   2.4   35   40   0.889046   0.006781   0.006781 
2.3   2.4   40   42   0.882486   0.010933   0.010933 
2.3   2.4   42   44   0.902366   0.011124   0.011124 
2.3   2.4   44   46   0.920456   0.013251   0.013251 
2.3   2.4   46   48   0.937773   0.019578   0.019578 
2.3   2.4   48   50   0.899070   0.017591   0.017591 
2.3   2.4   50   55   0.935128   0.018627   0.018627 
2.3   2.4   55   60   0.935724   0.033852   0.033852 
2.3   2.4   60   70   0.961159   0.036810   0.036810 
2.3   2.4   70   100   0.942978   0.036224   0.036224 
2.3   2.4   100   1000   0.994438   0.073187   0.073187 
2.4   2.5   10   15   0.924181   0.132435   0.132435 
2.4   2.5   15   20   0.775537   0.055210   0.055210 
2.4   2.5   20   25   0.730550   0.035019   0.035019 
2.4   2.5   25   30   0.775876   0.027177   0.027177 
2.4   2.5   30   35   0.824199   0.030261   0.030261 
2.4   2.5   35   40   0.849245   0.014418   0.014418 
2.4   2.5   40   42   0.865277   0.013620   0.013620 
2.4   2.5   42   44   0.857681   0.016254   0.016254 
2.4   2.5   44   46   0.884276   0.013619   0.013619 
2.4   2.5   46   48   0.848560   0.039680   0.039680 
2.4   2.5   48   50   0.896876   0.012610   0.012610 
2.4   2.5   50   55   0.909839   0.031953   0.031953 
2.4   2.5   55   60   0.913209   0.059841   0.059841 
2.4   2.5   60   70   0.971216   0.071288   0.071288 
2.4   2.5   70   100   0.922020   0.060904   0.060904 
2.4   2.5   100   1000   0.948228   0.070224   0.070224 
