 0.0   0.9   20.0   25.0  0.9974  0.0011  0.0011
 0.0   0.9   25.0   30.0  1.0011  0.0006  0.0006
 0.0   0.9   30.0   40.0  0.9993  0.0002  0.0002
 0.0   0.9   40.0   50.0  1.0009  0.0001  0.0001
 0.0   0.9   50.0   60.0  0.9995  0.0002  0.0001
 0.0   0.9   60.0   120.0  0.9997  0.0002  0.0002
 0.9   1.2   20.0   25.0  0.9987  0.0008  0.0008
 0.9   1.2   25.0   30.0  1.0020  0.0010  0.0010
 0.9   1.2   30.0   40.0  1.0006  0.0003  0.0003
 0.9   1.2   40.0   50.0  0.9996  0.0002  0.0001
 0.9   1.2   50.0   60.0  0.9999  0.0003  0.0003
 0.9   1.2   60.0   120.0  1.0001  0.0004  0.0004
 1.2   2.1   20.0   25.0  0.9971  0.0007  0.0007
 1.2   2.1   25.0   30.0  1.0000  0.0002  0.0002
 1.2   2.1   30.0   40.0  0.9949  0.0002  0.0002
 1.2   2.1   40.0   50.0  0.9983  0.0001  0.0001
 1.2   2.1   50.0   60.0  0.9996  0.0002  0.0002
 1.2   2.1   60.0   120.0  0.9995  0.0002  0.0002
 2.1   2.4   20.0   25.0  0.9969  0.0013  0.0011
 2.1   2.4   25.0   30.0  1.0004  0.0008  0.0008
 2.1   2.4   30.0   40.0  0.9959  0.0003  0.0003
 2.1   2.4   40.0   50.0  1.0003  0.0002  0.0002
 2.1   2.4   50.0   60.0  0.9994  0.0004  0.0004
 2.1   2.4   60.0   120.0  1.0003  0.0006  0.0007
