-2.4   -2.1   10   15   0.865949   0.037256   0.037256 
-2.4   -2.1   15   20   0.894934   0.028349   0.028349 
-2.4   -2.1   20   25   0.921058   0.030999   0.030999 
-2.4   -2.1   25   30   0.949079   0.004636   0.004636 
-2.4   -2.1   30   35   0.956472   0.008263   0.008263 
-2.4   -2.1   35   40   0.962848   0.012291   0.012291 
-2.4   -2.1   40   45   0.966736   0.007866   0.007866 
-2.4   -2.1   45   50   0.964262   0.004067   0.004067 
-2.4   -2.1   50   55   0.956267   0.014219   0.014219 
-2.4   -2.1   55   60   0.960879   0.016760   0.016760 
-2.4   -2.1   60   120   0.943427   0.026449   0.026449 
-2.1   -1.6   10   15   0.924619   0.042425   0.042425 
-2.1   -1.6   15   20   0.959840   0.016478   0.016478 
-2.1   -1.6   20   25   0.964989   0.009127   0.009127 
-2.1   -1.6   25   30   0.970754   0.004063   0.004063 
-2.1   -1.6   30   35   0.978655   0.006911   0.006911 
-2.1   -1.6   35   40   0.983225   0.003375   0.003375 
-2.1   -1.6   40   45   0.985056   0.002483   0.002483 
-2.1   -1.6   45   50   0.987858   0.002656   0.002656 
-2.1   -1.6   50   55   0.986163   0.004929   0.004929 
-2.1   -1.6   55   60   0.984114   0.010418   0.010418 
-2.1   -1.6   60   120   0.987718   0.005106   0.005106 
-1.6   -1.2   10   15   0.916306   0.032330   0.032330 
-1.6   -1.2   15   20   0.962204   0.018312   0.018312 
-1.6   -1.2   20   25   0.980649   0.025204   0.025204 
-1.6   -1.2   25   30   0.972734   0.011091   0.011091 
-1.6   -1.2   30   35   0.983057   0.007781   0.007781 
-1.6   -1.2   35   40   0.988158   0.003615   0.003615 
-1.6   -1.2   40   45   0.990473   0.001659   0.001659 
-1.6   -1.2   45   50   0.992325   0.002603   0.002603 
-1.6   -1.2   50   55   0.988457   0.003629   0.003629 
-1.6   -1.2   55   60   0.991813   0.005855   0.005855 
-1.6   -1.2   60   120   0.981035   0.005976   0.005976 
-1.2   -0.9   10   15   0.839676   0.071128   0.071128 
-1.2   -0.9   15   20   0.959854   0.041497   0.041497 
-1.2   -0.9   20   25   0.965059   0.019535   0.019535 
-1.2   -0.9   25   30   0.966637   0.015889   0.015889 
-1.2   -0.9   30   35   0.978355   0.004611   0.004611 
-1.2   -0.9   35   40   0.987104   0.004775   0.004775 
-1.2   -0.9   40   45   0.986224   0.002904   0.002904 
-1.2   -0.9   45   50   0.989861   0.002035   0.002035 
-1.2   -0.9   50   55   0.989102   0.004335   0.004335 
-1.2   -0.9   55   60   0.981239   0.010283   0.010283 
-1.2   -0.9   60   120   0.965623   0.024071   0.024071 
-0.9   -0.3   10   15   0.939189   0.271976   0.271976 
-0.9   -0.3   15   20   0.998898   0.086322   0.086322 
-0.9   -0.3   20   25   0.981470   0.041788   0.041788 
-0.9   -0.3   25   30   0.972646   0.016264   0.016264 
-0.9   -0.3   30   35   0.983993   0.006922   0.006922 
-0.9   -0.3   35   40   0.989410   0.005021   0.005021 
-0.9   -0.3   40   45   0.990822   0.004197   0.004197 
-0.9   -0.3   45   50   0.992381   0.002779   0.002779 
-0.9   -0.3   50   55   0.994731   0.004012   0.004012 
-0.9   -0.3   55   60   0.985940   0.014341   0.014341 
-0.9   -0.3   60   120   0.974218   0.033408   0.033408 
-0.3   -0.2   10   15   1.365268   0.844606   0.844606 
-0.3   -0.2   15   20   0.994400   0.105229   0.105229 
-0.3   -0.2   20   25   0.953082   0.030224   0.030224 
-0.3   -0.2   25   30   0.952901   0.030146   0.030146 
-0.3   -0.2   30   35   0.970684   0.005473   0.005473 
-0.3   -0.2   35   40   0.972010   0.008315   0.008315 
-0.3   -0.2   40   45   0.975113   0.006958   0.006958 
-0.3   -0.2   45   50   0.973723   0.007981   0.007981 
-0.3   -0.2   50   55   0.983645   0.015031   0.015031 
-0.3   -0.2   55   60   0.978590   0.014972   0.014972 
-0.3   -0.2   60   120   0.941179   0.019299   0.019299 
-0.2   0.2   10   15   1.224000   0.422215   0.422215 
-0.2   0.2   15   20   0.977425   0.070560   0.070560 
-0.2   0.2   20   25   0.960301   0.034039   0.034039 
-0.2   0.2   25   30   0.968258   0.005848   0.005848 
-0.2   0.2   30   35   0.979983   0.009828   0.009828 
-0.2   0.2   35   40   0.986664   0.006557   0.006557 
-0.2   0.2   40   45   0.988282   0.004023   0.004023 
-0.2   0.2   45   50   0.989862   0.003771   0.003771 
-0.2   0.2   50   55   0.989083   0.006164   0.006164 
-0.2   0.2   55   60   0.992303   0.011795   0.011795 
-0.2   0.2   60   120   0.972913   0.011107   0.011107 
0.2   0.3   10   15   1.000139   0.246660   0.246660 
0.2   0.3   15   20   1.007096   0.101340   0.101340 
0.2   0.3   20   25   0.963481   0.033237   0.033237 
0.2   0.3   25   30   0.974079   0.014143   0.014143 
0.2   0.3   30   35   0.962590   0.014469   0.014469 
0.2   0.3   35   40   0.978837   0.005271   0.005271 
0.2   0.3   40   45   0.979657   0.005752   0.005752 
0.2   0.3   45   50   0.979178   0.005786   0.005786 
0.2   0.3   50   55   0.978790   0.009884   0.009884 
0.2   0.3   55   60   0.984459   0.014869   0.014869 
0.2   0.3   60   120   0.987190   0.039600   0.039600 
0.3   0.9   10   15   0.857359   0.086573   0.086573 
0.3   0.9   15   20   0.974889   0.066110   0.066110 
0.3   0.9   20   25   0.967042   0.026610   0.026610 
0.3   0.9   25   30   0.988714   0.009105   0.009105 
0.3   0.9   30   35   0.987353   0.003995   0.003995 
0.3   0.9   35   40   0.993025   0.005543   0.005543 
0.3   0.9   40   45   0.992144   0.002302   0.002302 
0.3   0.9   45   50   0.993995   0.003362   0.003362 
0.3   0.9   50   55   0.995081   0.005226   0.005226 
0.3   0.9   55   60   0.984311   0.009087   0.009087 
0.3   0.9   60   120   0.978136   0.034518   0.034518 
0.9   1.2   10   15   0.799133   0.026748   0.026748 
0.9   1.2   15   20   0.998858   0.046286   0.046286 
0.9   1.2   20   25   0.969828   0.026850   0.026850 
0.9   1.2   25   30   0.972354   0.010949   0.010949 
0.9   1.2   30   35   0.985524   0.004525   0.004525 
0.9   1.2   35   40   0.982853   0.004677   0.004677 
0.9   1.2   40   45   0.985158   0.002910   0.002910 
0.9   1.2   45   50   0.988549   0.004960   0.004960 
0.9   1.2   50   55   0.989212   0.006610   0.006610 
0.9   1.2   55   60   0.986404   0.007042   0.007042 
0.9   1.2   60   120   0.962806   0.015490   0.015490 
1.2   1.6   10   15   0.867522   0.060861   0.060861 
1.2   1.6   15   20   0.937693   0.036800   0.036800 
1.2   1.6   20   25   0.959713   0.049936   0.049936 
1.2   1.6   25   30   0.982999   0.018325   0.018325 
1.2   1.6   30   35   0.985173   0.003845   0.003845 
1.2   1.6   35   40   0.989349   0.003655   0.003655 
1.2   1.6   40   45   0.989614   0.002500   0.002500 
1.2   1.6   45   50   0.994273   0.002707   0.002707 
1.2   1.6   50   55   0.991749   0.004536   0.004536 
1.2   1.6   55   60   0.981662   0.011490   0.011490 
1.2   1.6   60   120   0.957981   0.039913   0.039913 
1.6   2.1   10   15   0.959470   0.022963   0.022963 
1.6   2.1   15   20   0.933394   0.017061   0.017061 
1.6   2.1   20   25   0.959650   0.018950   0.018950 
1.6   2.1   25   30   0.970998   0.010633   0.010633 
1.6   2.1   30   35   0.984523   0.005282   0.005282 
1.6   2.1   35   40   0.989895   0.001532   0.001532 
1.6   2.1   40   45   0.988617   0.001896   0.001896 
1.6   2.1   45   50   0.990173   0.001748   0.001748 
1.6   2.1   50   55   0.989224   0.004619   0.004619 
1.6   2.1   55   60   0.986890   0.009109   0.009109 
1.6   2.1   60   120   0.980485   0.009761   0.009761 
2.1   2.4   10   15   0.878397   0.052784   0.052784 
2.1   2.4   15   20   0.905088   0.021133   0.021133 
2.1   2.4   20   25   0.930484   0.026967   0.026967 
2.1   2.4   25   30   0.940722   0.012148   0.012148 
2.1   2.4   30   35   0.954650   0.010311   0.010311 
2.1   2.4   35   40   0.965321   0.003753   0.003753 
2.1   2.4   40   45   0.967430   0.003197   0.003197 
2.1   2.4   45   50   0.970607   0.004226   0.004226 
2.1   2.4   50   55   0.975299   0.005791   0.005791 
2.1   2.4   55   60   0.960896   0.014174   0.014174 
2.1   2.4   60   120   0.950558   0.038246   0.038246 
