-2.5   -2.4   10   15   1.118452   0.232733   0.232733 
-2.5   -2.4   15   20   0.899447   0.046697   0.046697 
-2.5   -2.4   20   25   0.892747   0.033970   0.033970 
-2.5   -2.4   25   30   0.890641   0.022867   0.022867 
-2.5   -2.4   30   35   0.902530   0.014743   0.014743 
-2.5   -2.4   35   40   0.948893   0.021189   0.021189 
-2.5   -2.4   40   42   0.930504   0.011538   0.011538 
-2.5   -2.4   42   44   0.947421   0.035144   0.035144 
-2.5   -2.4   44   46   0.950635   0.024544   0.024544 
-2.5   -2.4   46   48   0.962536   0.027084   0.027084 
-2.5   -2.4   48   50   0.949353   0.016184   0.016184 
-2.5   -2.4   50   55   0.937703   0.024273   0.024273 
-2.5   -2.4   55   60   0.913408   0.039715   0.039715 
-2.5   -2.4   60   70   0.972305   0.049101   0.049101 
-2.5   -2.4   70   100   0.961169   0.049540   0.049540 
-2.5   -2.4   100   1000   1.077537   0.060770   0.060770 
-2.4   -2.3   10   15   0.992906   0.126654   0.126654 
-2.4   -2.3   15   20   0.869471   0.101618   0.101618 
-2.4   -2.3   20   25   0.921925   0.055352   0.055352 
-2.4   -2.3   25   30   0.925168   0.039184   0.039184 
-2.4   -2.3   30   35   0.948393   0.019371   0.019371 
-2.4   -2.3   35   40   0.970596   0.013949   0.013949 
-2.4   -2.3   40   42   0.983670   0.016574   0.016574 
-2.4   -2.3   42   44   0.987077   0.012725   0.012725 
-2.4   -2.3   44   46   1.000460   0.015374   0.015374 
-2.4   -2.3   46   48   0.993224   0.017597   0.017597 
-2.4   -2.3   48   50   0.982039   0.028668   0.028668 
-2.4   -2.3   50   55   1.032428   0.036150   0.036150 
-2.4   -2.3   55   60   0.977904   0.032644   0.032644 
-2.4   -2.3   60   70   1.027126   0.080228   0.080228 
-2.4   -2.3   70   100   1.026166   0.041567   0.041567 
-2.4   -2.3   100   1000   1.073807   0.042667   0.042667 
-2.3   -2.2   10   15   0.910268   0.067445   0.067445 
-2.3   -2.2   15   20   0.799486   0.048688   0.048688 
-2.3   -2.2   20   25   0.884503   0.038813   0.038813 
-2.3   -2.2   25   30   0.917327   0.021664   0.021664 
-2.3   -2.2   30   35   0.923551   0.021765   0.021765 
-2.3   -2.2   35   40   0.939845   0.008426   0.008426 
-2.3   -2.2   40   42   0.951792   0.009520   0.009520 
-2.3   -2.2   42   44   0.964082   0.007353   0.007353 
-2.3   -2.2   44   46   0.973686   0.012577   0.012577 
-2.3   -2.2   46   48   0.974624   0.016430   0.016430 
-2.3   -2.2   48   50   1.001243   0.020431   0.020431 
-2.3   -2.2   50   55   0.972186   0.022353   0.022353 
-2.3   -2.2   55   60   0.993320   0.025465   0.025465 
-2.3   -2.2   60   70   1.008316   0.042931   0.042931 
-2.3   -2.2   70   100   1.010865   0.036661   0.036661 
-2.3   -2.2   100   1000   0.998109   0.090315   0.090315 
-2.2   -2.1   10   15   0.781228   0.096126   0.096126 
-2.2   -2.1   15   20   0.822408   0.031347   0.031347 
-2.2   -2.1   20   25   0.829071   0.035502   0.035502 
-2.2   -2.1   25   30   0.866230   0.016050   0.016050 
-2.2   -2.1   30   35   0.894667   0.013944   0.013944 
-2.2   -2.1   35   40   0.914084   0.012630   0.012630 
-2.2   -2.1   40   42   0.921937   0.016822   0.016822 
-2.2   -2.1   42   44   0.936911   0.017637   0.017637 
-2.2   -2.1   44   46   0.971945   0.016754   0.016754 
-2.2   -2.1   46   48   0.939531   0.015608   0.015608 
-2.2   -2.1   48   50   0.959755   0.027821   0.027821 
-2.2   -2.1   50   55   0.962876   0.010828   0.010828 
-2.2   -2.1   55   60   0.939438   0.035969   0.035969 
-2.2   -2.1   60   70   0.956554   0.019326   0.019326 
-2.2   -2.1   70   100   0.976949   0.029030   0.029030 
-2.2   -2.1   100   1000   1.021901   0.081715   0.081715 
-2.1   -2.0   10   15   0.788207   0.057475   0.057475 
-2.1   -2.0   15   20   0.828497   0.041703   0.041703 
-2.1   -2.0   20   25   0.879905   0.035661   0.035661 
-2.1   -2.0   25   30   0.892350   0.019890   0.019890 
-2.1   -2.0   30   35   0.933741   0.013585   0.013585 
-2.1   -2.0   35   40   0.945490   0.008634   0.008634 
-2.1   -2.0   40   42   0.939820   0.008235   0.008235 
-2.1   -2.0   42   44   0.959595   0.006647   0.006647 
-2.1   -2.0   44   46   0.970419   0.009958   0.009958 
-2.1   -2.0   46   48   0.959312   0.030606   0.030606 
-2.1   -2.0   48   50   0.959463   0.017781   0.017781 
-2.1   -2.0   50   55   0.967258   0.016388   0.016388 
-2.1   -2.0   55   60   0.958426   0.038359   0.038359 
-2.1   -2.0   60   70   0.964200   0.022440   0.022440 
-2.1   -2.0   70   100   0.969284   0.027333   0.027333 
-2.1   -2.0   100   1000   0.941358   0.029284   0.029284 
-2.0   -1.8   10   15   0.765235   0.056798   0.056798 
-2.0   -1.8   15   20   0.840842   0.023241   0.023241 
-2.0   -1.8   20   25   0.865040   0.021363   0.021363 
-2.0   -1.8   25   30   0.926476   0.012455   0.012455 
-2.0   -1.8   30   35   0.939193   0.010342   0.010342 
-2.0   -1.8   35   40   0.960511   0.005695   0.005695 
-2.0   -1.8   40   42   0.973266   0.009871   0.009871 
-2.0   -1.8   42   44   0.976766   0.005343   0.005343 
-2.0   -1.8   44   46   0.982678   0.010265   0.010265 
-2.0   -1.8   46   48   0.982831   0.005380   0.005380 
-2.0   -1.8   48   50   0.981768   0.009187   0.009187 
-2.0   -1.8   50   55   0.979197   0.007426   0.007426 
-2.0   -1.8   55   60   0.983850   0.010464   0.010464 
-2.0   -1.8   60   70   0.995915   0.015356   0.015356 
-2.0   -1.8   70   100   0.975747   0.024029   0.024029 
-2.0   -1.8   100   1000   1.002126   0.018293   0.018293 
-1.8   -1.6   10   15   0.814106   0.124375   0.124375 
-1.8   -1.6   15   20   0.871735   0.042145   0.042145 
-1.8   -1.6   20   25   0.893755   0.030849   0.030849 
-1.8   -1.6   25   30   0.925465   0.023855   0.023855 
-1.8   -1.6   30   35   0.946296   0.021188   0.021188 
-1.8   -1.6   35   40   0.973318   0.008252   0.008252 
-1.8   -1.6   40   42   0.987512   0.010550   0.010550 
-1.8   -1.6   42   44   0.989271   0.007570   0.007570 
-1.8   -1.6   44   46   0.993797   0.004655   0.004655 
-1.8   -1.6   46   48   0.992372   0.004577   0.004577 
-1.8   -1.6   48   50   0.993897   0.004764   0.004764 
-1.8   -1.6   50   55   0.995639   0.007369   0.007369 
-1.8   -1.6   55   60   0.982856   0.020303   0.020303 
-1.8   -1.6   60   70   0.996579   0.018021   0.018021 
-1.8   -1.6   70   100   0.999279   0.022084   0.022084 
-1.8   -1.6   100   1000   0.986916   0.015908   0.015908 
-1.6   -1.4   10   15   1.041447   0.182300   0.182300 
-1.6   -1.4   15   20   0.930130   0.110359   0.110359 
-1.6   -1.4   20   25   1.002147   0.095837   0.095837 
-1.6   -1.4   25   30   0.995871   0.044503   0.044503 
-1.6   -1.4   30   35   1.016801   0.040363   0.040363 
-1.6   -1.4   35   40   1.015211   0.022528   0.022528 
-1.6   -1.4   40   42   0.993411   0.020132   0.020132 
-1.6   -1.4   42   44   1.000161   0.015425   0.015425 
-1.6   -1.4   44   46   0.982739   0.012324   0.012324 
-1.6   -1.4   46   48   0.977563   0.012206   0.012206 
-1.6   -1.4   48   50   0.961252   0.025882   0.025882 
-1.6   -1.4   50   55   0.975576   0.015831   0.015831 
-1.6   -1.4   55   60   0.984177   0.051922   0.051922 
-1.6   -1.4   60   70   0.945896   0.079426   0.079426 
-1.6   -1.4   70   100   1.022430   0.040033   0.040033 
-1.6   -1.4   100   1000   1.039227   0.070300   0.070300 
-1.4   -1.2   10   15   1.116330   0.182406   0.182406 
-1.4   -1.2   15   20   0.937225   0.025146   0.025146 
-1.4   -1.2   20   25   0.947080   0.032449   0.032449 
-1.4   -1.2   25   30   0.957995   0.016539   0.016539 
-1.4   -1.2   30   35   0.966138   0.008860   0.008860 
-1.4   -1.2   35   40   0.972210   0.004597   0.004597 
-1.4   -1.2   40   42   0.966013   0.006934   0.006934 
-1.4   -1.2   42   44   0.973156   0.006850   0.006850 
-1.4   -1.2   44   46   0.979188   0.005155   0.005155 
-1.4   -1.2   46   48   0.978265   0.003418   0.003418 
-1.4   -1.2   48   50   0.980779   0.004860   0.004860 
-1.4   -1.2   50   55   0.975223   0.005350   0.005350 
-1.4   -1.2   55   60   0.978751   0.010142   0.010142 
-1.4   -1.2   60   70   0.977171   0.016048   0.016048 
-1.4   -1.2   70   100   0.975707   0.019740   0.019740 
-1.4   -1.2   100   1000   0.966680   0.009874   0.009874 
-1.2   -1.0   10   15   0.912020   0.181000   0.181000 
-1.2   -1.0   15   20   0.986036   0.021805   0.021805 
-1.2   -1.0   20   25   0.929836   0.028771   0.028771 
-1.2   -1.0   25   30   0.948379   0.020715   0.020715 
-1.2   -1.0   30   35   0.965881   0.010017   0.010017 
-1.2   -1.0   35   40   0.966994   0.006198   0.006198 
-1.2   -1.0   40   42   0.964651   0.004212   0.004212 
-1.2   -1.0   42   44   0.970344   0.003480   0.003480 
-1.2   -1.0   44   46   0.971353   0.003161   0.003161 
-1.2   -1.0   46   48   0.972732   0.002745   0.002745 
-1.2   -1.0   48   50   0.962531   0.004768   0.004768 
-1.2   -1.0   50   55   0.974812   0.006655   0.006655 
-1.2   -1.0   55   60   0.971250   0.007630   0.007630 
-1.2   -1.0   60   70   0.974730   0.008098   0.008098 
-1.2   -1.0   70   100   0.976531   0.015143   0.015143 
-1.2   -1.0   100   1000   0.950076   0.019438   0.019438 
-1.0   -0.8   10   15   0.967807   0.116865   0.116865 
-1.0   -0.8   15   20   0.963173   0.030815   0.030815 
-1.0   -0.8   20   25   0.948993   0.021908   0.021908 
-1.0   -0.8   25   30   0.949380   0.018150   0.018150 
-1.0   -0.8   30   35   0.959565   0.006943   0.006943 
-1.0   -0.8   35   40   0.967066   0.004788   0.004788 
-1.0   -0.8   40   42   0.969764   0.006508   0.006508 
-1.0   -0.8   42   44   0.973052   0.004418   0.004418 
-1.0   -0.8   44   46   0.968803   0.003827   0.003827 
-1.0   -0.8   46   48   0.973299   0.004094   0.004094 
-1.0   -0.8   48   50   0.974453   0.004415   0.004415 
-1.0   -0.8   50   55   0.977460   0.005793   0.005793 
-1.0   -0.8   55   60   0.972048   0.016873   0.016873 
-1.0   -0.8   60   70   0.980493   0.015808   0.015808 
-1.0   -0.8   70   100   0.988918   0.011837   0.011837 
-1.0   -0.8   100   1000   0.985904   0.022589   0.022589 
-0.8   -0.6   10   15   0.859748   0.046464   0.046464 
-0.8   -0.6   15   20   0.901863   0.027535   0.027535 
-0.8   -0.6   20   25   0.932715   0.026359   0.026359 
-0.8   -0.6   25   30   0.950253   0.014860   0.014860 
-0.8   -0.6   30   35   0.961415   0.007248   0.007248 
-0.8   -0.6   35   40   0.971744   0.004489   0.004489 
-0.8   -0.6   40   42   0.973085   0.004728   0.004728 
-0.8   -0.6   42   44   0.976441   0.005985   0.005985 
-0.8   -0.6   44   46   0.976244   0.009097   0.009097 
-0.8   -0.6   46   48   0.978624   0.003538   0.003538 
-0.8   -0.6   48   50   0.972602   0.008562   0.008562 
-0.8   -0.6   50   55   0.962613   0.005714   0.005714 
-0.8   -0.6   55   60   0.972619   0.010887   0.010887 
-0.8   -0.6   60   70   0.964703   0.012912   0.012912 
-0.8   -0.6   70   100   0.969971   0.011945   0.011945 
-0.8   -0.6   100   1000   0.978041   0.008985   0.008985 
-0.6   -0.4   10   15   0.831090   0.040078   0.040078 
-0.6   -0.4   15   20   0.915919   0.026984   0.026984 
-0.6   -0.4   20   25   0.947177   0.013137   0.013137 
-0.6   -0.4   25   30   0.934416   0.025141   0.025141 
-0.6   -0.4   30   35   0.960152   0.007908   0.007908 
-0.6   -0.4   35   40   0.960853   0.002922   0.002922 
-0.6   -0.4   40   42   0.965089   0.004200   0.004200 
-0.6   -0.4   42   44   0.957764   0.010171   0.010171 
-0.6   -0.4   44   46   0.963823   0.002818   0.002818 
-0.6   -0.4   46   48   0.963183   0.004002   0.004002 
-0.6   -0.4   48   50   0.964066   0.003715   0.003715 
-0.6   -0.4   50   55   0.961029   0.005191   0.005191 
-0.6   -0.4   55   60   0.968917   0.006531   0.006531 
-0.6   -0.4   60   70   0.973310   0.010857   0.010857 
-0.6   -0.4   70   100   0.964619   0.010065   0.010065 
-0.6   -0.4   100   1000   0.978692   0.012895   0.012895 
-0.4   -0.2   10   15   0.864905   0.042430   0.042430 
-0.4   -0.2   15   20   0.886223   0.020026   0.020026 
-0.4   -0.2   20   25   0.932562   0.012841   0.012841 
-0.4   -0.2   25   30   0.930952   0.011725   0.011725 
-0.4   -0.2   30   35   0.951430   0.005458   0.005458 
-0.4   -0.2   35   40   0.949189   0.005860   0.005860 
-0.4   -0.2   40   42   0.956233   0.003248   0.003248 
-0.4   -0.2   42   44   0.958512   0.017223   0.017223 
-0.4   -0.2   44   46   0.958272   0.004256   0.004256 
-0.4   -0.2   46   48   0.959197   0.004629   0.004629 
-0.4   -0.2   48   50   0.956090   0.005518   0.005518 
-0.4   -0.2   50   55   0.960120   0.007499   0.007499 
-0.4   -0.2   55   60   0.962918   0.009663   0.009663 
-0.4   -0.2   60   70   0.958338   0.011704   0.011704 
-0.4   -0.2   70   100   0.954719   0.021396   0.021396 
-0.4   -0.2   100   1000   0.971532   0.009552   0.009552 
-0.2   0.0   10   15   0.794958   0.096645   0.096645 
-0.2   0.0   15   20   0.859513   0.018515   0.018515 
-0.2   0.0   20   25   0.907083   0.010925   0.010925 
-0.2   0.0   25   30   0.914412   0.009313   0.009313 
-0.2   0.0   30   35   0.919886   0.006065   0.006065 
-0.2   0.0   35   40   0.930643   0.001850   0.001850 
-0.2   0.0   40   42   0.934847   0.002527   0.002527 
-0.2   0.0   42   44   0.929089   0.006062   0.006062 
-0.2   0.0   44   46   0.940015   0.004767   0.004767 
-0.2   0.0   46   48   0.940791   0.006030   0.006030 
-0.2   0.0   48   50   0.938038   0.003915   0.003915 
-0.2   0.0   50   55   0.930724   0.009051   0.009051 
-0.2   0.0   55   60   0.927959   0.010514   0.010514 
-0.2   0.0   60   70   0.938544   0.009006   0.009006 
-0.2   0.0   70   100   0.940832   0.007994   0.007994 
-0.2   0.0   100   1000   0.936112   0.022136   0.022136 
0.0   0.2   10   15   0.841789   0.058837   0.058837 
0.0   0.2   15   20   0.859529   0.025754   0.025754 
0.0   0.2   20   25   0.918772   0.014177   0.014177 
0.0   0.2   25   30   0.930542   0.011220   0.011220 
0.0   0.2   30   35   0.938181   0.004555   0.004555 
0.0   0.2   35   40   0.949269   0.002319   0.002319 
0.0   0.2   40   42   0.950515   0.003777   0.003777 
0.0   0.2   42   44   0.952916   0.002863   0.002863 
0.0   0.2   44   46   0.954653   0.003094   0.003094 
0.0   0.2   46   48   0.955220   0.004903   0.004903 
0.0   0.2   48   50   0.953222   0.006068   0.006068 
0.0   0.2   50   55   0.951855   0.004599   0.004599 
0.0   0.2   55   60   0.961366   0.011918   0.011918 
0.0   0.2   60   70   0.952950   0.012018   0.012018 
0.0   0.2   70   100   0.949201   0.007803   0.007803 
0.0   0.2   100   1000   0.963984   0.018924   0.018924 
0.2   0.4   10   15   0.910873   0.118213   0.118213 
0.2   0.4   15   20   0.927490   0.029575   0.029575 
0.2   0.4   20   25   0.951997   0.029587   0.029587 
0.2   0.4   25   30   0.982532   0.017489   0.017489 
0.2   0.4   30   35   0.980747   0.010380   0.010380 
0.2   0.4   35   40   0.989050   0.003865   0.003865 
0.2   0.4   40   42   0.991880   0.003419   0.003419 
0.2   0.4   42   44   0.995525   0.004633   0.004633 
0.2   0.4   44   46   0.989798   0.006635   0.006635 
0.2   0.4   46   48   0.993204   0.007333   0.007333 
0.2   0.4   48   50   0.993791   0.007665   0.007665 
0.2   0.4   50   55   0.990984   0.010392   0.010392 
0.2   0.4   55   60   0.985562   0.005708   0.005708 
0.2   0.4   60   70   0.987278   0.013168   0.013168 
0.2   0.4   70   100   0.998142   0.015474   0.015474 
0.2   0.4   100   1000   1.017224   0.008673   0.008673 
0.4   0.6   10   15   0.930759   0.082526   0.082526 
0.4   0.6   15   20   0.949197   0.039617   0.039617 
0.4   0.6   20   25   0.948627   0.027585   0.027585 
0.4   0.6   25   30   0.971212   0.010652   0.010652 
0.4   0.6   30   35   0.981399   0.008266   0.008266 
0.4   0.6   35   40   0.982623   0.016165   0.016165 
0.4   0.6   40   42   0.985477   0.003515   0.003515 
0.4   0.6   42   44   0.991962   0.003821   0.003821 
0.4   0.6   44   46   0.984456   0.002331   0.002331 
0.4   0.6   46   48   0.991084   0.008766   0.008766 
0.4   0.6   48   50   0.986375   0.006514   0.006514 
0.4   0.6   50   55   0.993795   0.012195   0.012195 
0.4   0.6   55   60   0.989028   0.006055   0.006055 
0.4   0.6   60   70   0.987850   0.009034   0.009034 
0.4   0.6   70   100   0.996919   0.008394   0.008394 
0.4   0.6   100   1000   1.006784   0.019621   0.019621 
0.6   0.8   10   15   0.938266   0.054245   0.054245 
0.6   0.8   15   20   0.965589   0.018313   0.018313 
0.6   0.8   20   25   0.965963   0.016630   0.016630 
0.6   0.8   25   30   0.962699   0.011785   0.011785 
0.6   0.8   30   35   0.979355   0.008683   0.008683 
0.6   0.8   35   40   0.981824   0.002859   0.002859 
0.6   0.8   40   42   0.985485   0.003354   0.003354 
0.6   0.8   42   44   0.983986   0.003724   0.003724 
0.6   0.8   44   46   0.990417   0.004966   0.004966 
0.6   0.8   46   48   0.987272   0.003544   0.003544 
0.6   0.8   48   50   0.982708   0.005388   0.005388 
0.6   0.8   50   55   0.987794   0.006122   0.006122 
0.6   0.8   55   60   0.996803   0.009534   0.009534 
0.6   0.8   60   70   0.989876   0.009350   0.009350 
0.6   0.8   70   100   1.001479   0.014557   0.014557 
0.6   0.8   100   1000   0.986017   0.013360   0.013360 
0.8   1.0   10   15   0.949764   0.069897   0.069897 
0.8   1.0   15   20   0.933784   0.023023   0.023023 
0.8   1.0   20   25   0.980653   0.018337   0.018337 
0.8   1.0   25   30   0.964972   0.018258   0.018258 
0.8   1.0   30   35   0.980837   0.010125   0.010125 
0.8   1.0   35   40   0.987674   0.003596   0.003596 
0.8   1.0   40   42   0.985497   0.005016   0.005016 
0.8   1.0   42   44   0.992640   0.004674   0.004674 
0.8   1.0   44   46   0.993219   0.002971   0.002971 
0.8   1.0   46   48   0.989927   0.004214   0.004214 
0.8   1.0   48   50   0.989696   0.005379   0.005379 
0.8   1.0   50   55   0.989615   0.004841   0.004841 
0.8   1.0   55   60   0.997309   0.012681   0.012681 
0.8   1.0   60   70   0.988540   0.010738   0.010738 
0.8   1.0   70   100   0.996058   0.010047   0.010047 
0.8   1.0   100   1000   1.006547   0.013089   0.013089 
1.0   1.2   10   15   1.002412   0.173442   0.173442 
1.0   1.2   15   20   0.948352   0.077613   0.077613 
1.0   1.2   20   25   0.919214   0.035124   0.035124 
1.0   1.2   25   30   0.950783   0.023350   0.023350 
1.0   1.2   30   35   0.966947   0.011770   0.011770 
1.0   1.2   35   40   0.973672   0.006319   0.006319 
1.0   1.2   40   42   0.982898   0.008673   0.008673 
1.0   1.2   42   44   0.983094   0.005905   0.005905 
1.0   1.2   44   46   0.978107   0.003128   0.003128 
1.0   1.2   46   48   0.980452   0.004079   0.004079 
1.0   1.2   48   50   0.988904   0.008156   0.008156 
1.0   1.2   50   55   0.979936   0.004095   0.004095 
1.0   1.2   55   60   0.983794   0.007099   0.007099 
1.0   1.2   60   70   0.980243   0.007589   0.007589 
1.0   1.2   70   100   0.982209   0.019390   0.019390 
1.0   1.2   100   1000   0.995851   0.017668   0.017668 
1.2   1.4   10   15   1.045672   0.085554   0.085554 
1.2   1.4   15   20   0.925093   0.039870   0.039870 
1.2   1.4   20   25   0.945858   0.018093   0.018093 
1.2   1.4   25   30   0.962681   0.017064   0.017064 
1.2   1.4   30   35   0.959933   0.011768   0.011768 
1.2   1.4   35   40   0.971637   0.006484   0.006484 
1.2   1.4   40   42   0.974917   0.005218   0.005218 
1.2   1.4   42   44   0.968455   0.006680   0.006680 
1.2   1.4   44   46   0.975026   0.002413   0.002413 
1.2   1.4   46   48   0.980856   0.004020   0.004020 
1.2   1.4   48   50   0.976778   0.005379   0.005379 
1.2   1.4   50   55   0.971983   0.003431   0.003431 
1.2   1.4   55   60   0.982759   0.011175   0.011175 
1.2   1.4   60   70   0.978438   0.020165   0.020165 
1.2   1.4   70   100   0.971081   0.014952   0.014952 
1.2   1.4   100   1000   0.977654   0.017318   0.017318 
1.4   1.6   10   15   0.957622   0.146576   0.146576 
1.4   1.6   15   20   0.935459   0.061546   0.061546 
1.4   1.6   20   25   0.928484   0.066752   0.066752 
1.4   1.6   25   30   0.944675   0.042699   0.042699 
1.4   1.6   30   35   0.963136   0.040097   0.040097 
1.4   1.6   35   40   0.982975   0.020208   0.020208 
1.4   1.6   40   42   0.992895   0.011365   0.011365 
1.4   1.6   42   44   0.981554   0.020811   0.020811 
1.4   1.6   44   46   0.977621   0.012749   0.012749 
1.4   1.6   46   48   0.975095   0.013367   0.013367 
1.4   1.6   48   50   0.975702   0.020835   0.020835 
1.4   1.6   50   55   0.975124   0.018262   0.018262 
1.4   1.6   55   60   0.931842   0.074168   0.074168 
1.4   1.6   60   70   0.934510   0.105248   0.105248 
1.4   1.6   70   100   1.013162   0.070662   0.070662 
1.4   1.6   100   1000   0.990880   0.033287   0.033287 
1.6   1.8   10   15   0.868781   0.103442   0.103442 
1.6   1.8   15   20   0.849528   0.037634   0.037634 
1.6   1.8   20   25   0.913011   0.027292   0.027292 
1.6   1.8   25   30   0.930065   0.021787   0.021787 
1.6   1.8   30   35   0.950476   0.011225   0.011225 
1.6   1.8   35   40   0.979640   0.010772   0.010772 
1.6   1.8   40   42   0.987260   0.009800   0.009800 
1.6   1.8   42   44   0.987812   0.007815   0.007815 
1.6   1.8   44   46   0.986292   0.006954   0.006954 
1.6   1.8   46   48   0.992463   0.004571   0.004571 
1.6   1.8   48   50   0.995567   0.013040   0.013040 
1.6   1.8   50   55   1.000895   0.010632   0.010632 
1.6   1.8   55   60   1.001129   0.013624   0.013624 
1.6   1.8   60   70   0.997184   0.019804   0.019804 
1.6   1.8   70   100   0.981435   0.029363   0.029363 
1.6   1.8   100   1000   0.993028   0.016713   0.016713 
1.8   2.0   10   15   0.856014   0.077892   0.077892 
1.8   2.0   15   20   0.890763   0.051474   0.051474 
1.8   2.0   20   25   0.876178   0.019674   0.019674 
1.8   2.0   25   30   0.930252   0.014421   0.014421 
1.8   2.0   30   35   0.948667   0.011542   0.011542 
1.8   2.0   35   40   0.958497   0.009798   0.009798 
1.8   2.0   40   42   0.967659   0.006571   0.006571 
1.8   2.0   42   44   0.975779   0.004376   0.004376 
1.8   2.0   44   46   0.980752   0.012347   0.012347 
1.8   2.0   46   48   0.979247   0.004915   0.004915 
1.8   2.0   48   50   0.983887   0.006287   0.006287 
1.8   2.0   50   55   0.978840   0.007615   0.007615 
1.8   2.0   55   60   0.983310   0.010038   0.010038 
1.8   2.0   60   70   1.002472   0.027337   0.027337 
1.8   2.0   70   100   0.978585   0.022775   0.022775 
1.8   2.0   100   1000   0.987791   0.033236   0.033236 
2.0   2.1   10   15   0.741114   0.087112   0.087112 
2.0   2.1   15   20   0.856523   0.061909   0.061909 
2.0   2.1   20   25   0.848028   0.024941   0.024941 
2.0   2.1   25   30   0.887188   0.020659   0.020659 
2.0   2.1   30   35   0.924555   0.012880   0.012880 
2.0   2.1   35   40   0.948106   0.007988   0.007988 
2.0   2.1   40   42   0.942947   0.017684   0.017684 
2.0   2.1   42   44   0.973609   0.010788   0.010788 
2.0   2.1   44   46   0.965036   0.008239   0.008239 
2.0   2.1   46   48   0.970406   0.008570   0.008570 
2.0   2.1   48   50   0.978551   0.015225   0.015225 
2.0   2.1   50   55   0.981905   0.010950   0.010950 
2.0   2.1   55   60   0.981892   0.014473   0.014473 
2.0   2.1   60   70   0.969180   0.032914   0.032914 
2.0   2.1   70   100   0.971561   0.033809   0.033809 
2.0   2.1   100   1000   0.996820   0.026327   0.026327 
2.1   2.2   10   15   0.860735   0.078016   0.078016 
2.1   2.2   15   20   0.854741   0.058918   0.058918 
2.1   2.2   20   25   0.867938   0.036732   0.036732 
2.1   2.2   25   30   0.895596   0.013982   0.013982 
2.1   2.2   30   35   0.919184   0.013111   0.013111 
2.1   2.2   35   40   0.929554   0.012452   0.012452 
2.1   2.2   40   42   0.936771   0.013415   0.013415 
2.1   2.2   42   44   0.954284   0.009348   0.009348 
2.1   2.2   44   46   0.944517   0.011365   0.011365 
2.1   2.2   46   48   0.959926   0.007860   0.007860 
2.1   2.2   48   50   0.981031   0.028909   0.028909 
2.1   2.2   50   55   0.966396   0.013910   0.013910 
2.1   2.2   55   60   0.975962   0.033058   0.033058 
2.1   2.2   60   70   0.987068   0.028471   0.028471 
2.1   2.2   70   100   0.990063   0.030982   0.030982 
2.1   2.2   100   1000   0.973833   0.064207   0.064207 
2.2   2.3   10   15   0.761103   0.100049   0.100049 
2.2   2.3   15   20   0.859574   0.049922   0.049922 
2.2   2.3   20   25   0.877290   0.044839   0.044839 
2.2   2.3   25   30   0.878111   0.019190   0.019190 
2.2   2.3   30   35   0.900285   0.011920   0.011920 
2.2   2.3   35   40   0.926940   0.005061   0.005061 
2.2   2.3   40   42   0.945779   0.012268   0.012268 
2.2   2.3   42   44   0.956149   0.011517   0.011517 
2.2   2.3   44   46   0.946592   0.012069   0.012069 
2.2   2.3   46   48   0.945352   0.014187   0.014187 
2.2   2.3   48   50   0.957359   0.012734   0.012734 
2.2   2.3   50   55   0.937997   0.018948   0.018948 
2.2   2.3   55   60   0.950978   0.018022   0.018022 
2.2   2.3   60   70   0.957055   0.019899   0.019899 
2.2   2.3   70   100   0.964847   0.024895   0.024895 
2.2   2.3   100   1000   0.956658   0.068073   0.068073 
2.3   2.4   10   15   0.990966   0.062691   0.062691 
2.3   2.4   15   20   0.872042   0.027267   0.027267 
2.3   2.4   20   25   0.869737   0.029139   0.029139 
2.3   2.4   25   30   0.845802   0.012684   0.012684 
2.3   2.4   30   35   0.885564   0.016366   0.016366 
2.3   2.4   35   40   0.906808   0.006900   0.006900 
2.3   2.4   40   42   0.913985   0.012163   0.012163 
2.3   2.4   42   44   0.926449   0.010705   0.010705 
2.3   2.4   44   46   0.942084   0.012776   0.012776 
2.3   2.4   46   48   0.946921   0.018257   0.018257 
2.3   2.4   48   50   0.927921   0.013338   0.013338 
2.3   2.4   50   55   0.946018   0.013796   0.013796 
2.3   2.4   55   60   0.962750   0.023026   0.023026 
2.3   2.4   60   70   0.938056   0.039871   0.039871 
2.3   2.4   70   100   0.989256   0.057200   0.057200 
2.3   2.4   100   1000   1.044271   0.056609   0.056609 
2.4   2.5   10   15   0.951793   0.129019   0.129019 
2.4   2.5   15   20   0.851676   0.062131   0.062131 
2.4   2.5   20   25   0.827052   0.014717   0.014717 
2.4   2.5   25   30   0.821600   0.021911   0.021911 
2.4   2.5   30   35   0.850052   0.021437   0.021437 
2.4   2.5   35   40   0.887805   0.018154   0.018154 
2.4   2.5   40   42   0.903092   0.020521   0.020521 
2.4   2.5   42   44   0.903184   0.022177   0.022177 
2.4   2.5   44   46   0.902304   0.020161   0.020161 
2.4   2.5   46   48   0.872000   0.025088   0.025088 
2.4   2.5   48   50   0.927512   0.018130   0.018130 
2.4   2.5   50   55   0.904260   0.039153   0.039153 
2.4   2.5   55   60   0.929537   0.059640   0.059640 
2.4   2.5   60   70   0.883977   0.044061   0.044061 
2.4   2.5   70   100   0.882501   0.087906   0.087906 
2.4   2.5   100   1000   1.044527   0.111730   0.111730 
