0.0   0.9   0.0   0.9   0.999349   0.   0.
0.0   0.9   0.9   1.2   1.0007   0.   0.
0.0   0.9   1.2   2.1   0.991723   0.   0.
0.0   0.9   2.1   2.4   0.97805   0.   0.
0.9   1.2   0.0   0.9   0.997579   0.   0.
0.9   1.2   0.9   1.2   1.00051   0.   0.
0.9   1.2   1.2   2.1   1.00339   0.   0.
0.9   1.2   2.1   2.4   0.990216   0.   0.
1.2   2.1   0.0   0.9   0.995555   0.   0.
1.2   2.1   0.9   1.2   1.00362   0.   0.
1.2   2.1   1.2   2.1   0.99487   0.   0.
1.2   2.1   2.1   2.4   0.99633   0.   0.
2.1   2.4   0.0   0.9   0.987772   0.   0.
2.1   2.4   0.9   1.2   1.00066   0.   0.
2.1   2.4   1.2   2.1   0.996026   0.   0.
2.1   2.4   2.1   2.4   1.00127   0.   0.

