-2.4   -2.3  0  10000  1.105800   0.011197   0.011197 
-2.3   -2.2  0  10000  1.058964   0.011636   0.011636 
-2.2   -2.1  0  10000  1.024383   0.011494   0.011494 
-2.1   -2.0  0  10000  1.000373   0.001752   0.001752 
-2.0   -1.7  0  10000  0.984031   0.000693   0.000693 
-1.7   -1.6  0  10000  0.990772   0.005647   0.005647 
-1.6   -1.6  0  10000  0.977710   0.004201   0.004201 
-1.6   -1.4  0  10000  0.977710   0.004201   0.004201 
-1.4   -1.4  0  10000  0.968618   0.002627   0.002627 
-1.4   -1.2  0  10000  0.982457   0.000669   0.000669 
-1.2   -0.8  0  10000  0.974743   0.000594   0.000594 
-0.8   -0.5  0  10000  0.971267   0.000537   0.000537 
-0.5   -0.3  0  10000  0.971802   0.000664   0.000664 
-0.3   -0.2  0  10000  0.973221   0.000803   0.000803 
-0.2    0.0  0  10000  0.970711   0.000643   0.000643 
 0.0    0.2  0  10000  0.973007   0.000712   0.000712 
 0.2    0.3  0  10000  0.984047   0.000902   0.000902 
 0.3    0.5  0  10000  0.979526   0.000679   0.000679 
 0.5    0.8  0  10000  0.976682   0.000632   0.000632 
 0.8    1.2  0  10000  0.980582   0.000771   0.000771 
 1.2    1.4  0  10000  0.983006   0.000885   0.000885 
 1.4    1.6  0  10000  0.983006   0.000885   0.000885 
 1.6    1.6  0  10000  0.983840   0.002221   0.002221 
 1.6    1.7  0  10000  0.992828   0.001601   0.001601 
 1.7    2.0  0  10000  0.992237   0.000754   0.000754 
 2.0    2.1  0  10000  0.996158   0.001830   0.001830 
 2.1    2.2  0  10000  1.003905   0.002058   0.002058 
 2.2    2.3  0  10000  1.009107   0.012047   0.012047 
 2.3    2.4  0  10000  1.020115   0.011282   0.011282 
