-2.4   -2.3  0  10000  1.100195   0.017462   0.017462 
-2.3   -2.2  0  10000  1.046666   0.011801   0.011801 
-2.2   -2.1  0  10000  1.017599   0.011680   0.011680 
-2.1   -2.0  0  10000  0.999832   0.000333   0.000333 
-2.0   -1.7  0  10000  0.988502   0.000835   0.000835 
-1.7   -1.6  0  10000  0.981508   0.001613   0.001613 
-1.6   -1.6  0  10000  0.968939   0.002779   0.002779 
-1.6   -1.4  0  10000  0.968939   0.002779   0.002779 
-1.4   -1.4  0  10000  0.980314   0.002479   0.002479 
-1.4   -1.2  0  10000  0.988795   0.000888   0.000888 
-1.2   -0.8  0  10000  0.977929   0.000403   0.000403 
-0.8   -0.5  0  10000  0.974601   0.000542   0.000542 
-0.5   -0.3  0  10000  0.982477   0.000488   0.000488 
-0.3   -0.2  0  10000  0.981228   0.000893   0.000893 
-0.2    0.0  0  10000  0.981213   0.002374   0.002374 
 0.0    0.2  0  10000  0.976766   0.000530   0.000530 
 0.2    0.3  0  10000  0.982748   0.000793   0.000793 
 0.3    0.5  0  10000  0.980531   0.000537   0.000537 
 0.5    0.8  0  10000  0.979119   0.000512   0.000512 
 0.8    1.2  0  10000  0.981980   0.000522   0.000522 
 1.2    1.4  0  10000  0.979619   0.000782   0.000782 
 1.4    1.6  0  10000  0.979619   0.000782   0.000782 
 1.6    1.6  0  10000  0.975467   0.002955   0.002955 
 1.6    1.7  0  10000  0.980163   0.001347   0.001347 
 1.7    2.0  0  10000  0.984171   0.000861   0.000861 
 2.0    2.1  0  10000  0.992945   0.001716   0.001716 
 2.1    2.2  0  10000  0.995947   0.005110   0.005110 
 2.2    2.3  0  10000  1.004001   0.011916   0.011916 
 2.3    2.4  0  10000  1.008882   0.013638   0.013638 
