0.0   0.9   0.0   0.9   0.968985   0.005941   0.005941
0.0   0.9   0.9   1.2   0.979902   0.008998   0.008998
0.0   0.9   1.2   2.1   0.986834   0.006602   0.006602
0.0   0.9   2.1   2.4   0.978097   0.017528   0.017528
0.9   1.2   0.0   0.9   0.983213   0.008995   0.008995
0.9   1.2   0.9   1.2   0.999540   0.011064   0.011064
0.9   1.2   1.2   2.1   0.991456   0.009320   0.009320
0.9   1.2   2.1   2.4   0.999805   0.018326   0.018326
1.2   2.1   0.0   0.9   0.983700   0.006705   0.006705
1.2   2.1   0.9   1.2   0.982809   0.009660   0.009660
1.2   2.1   1.2   2.1   0.976385   0.011086   0.011086
1.2   2.1   2.1   2.4   0.983709   0.011897   0.011897
2.1   2.4   0.0   0.9   0.979211   0.016123   0.016123
2.1   2.4   0.9   1.2   0.992346   0.018169   0.018169
2.1   2.4   1.2   2.1   0.992799   0.011607   0.011607
2.1   2.4   2.1   2.4   0.974504   0.021194   0.021194
