 0.0   0.9   20.0   25.0  0.9881  0.0017  0.0017
 0.0   0.9   25.0   30.0  0.9864  0.0006  0.0006
 0.0   0.9   30.0   40.0  0.9879  0.0003  0.0002
 0.0   0.9   40.0   50.0  0.9884  0.0002  0.0002
 0.0   0.9   50.0   60.0  0.9859  0.0006  0.0006
 0.0   0.9   60.0   120.0  0.9888  0.0011  0.0011
 0.9   1.2   20.0   25.0  0.9738  0.0012  0.0011
 0.9   1.2   25.0   30.0  0.9706  0.0007  0.0012
 0.9   1.2   30.0   40.0  0.9745  0.0003  0.0000
 0.9   1.2   40.0   50.0  0.9761  0.0005  0.0005
 0.9   1.2   50.0   60.0  0.9787  0.0010  0.0010
 0.9   1.2   60.0   120.0  0.9777  0.0018  0.0017
 1.2   2.1   20.0   25.0  0.9873  0.0024  0.0024
 1.2   2.1   25.0   30.0  0.9883  0.0005  0.0005
 1.2   2.1   30.0   40.0  0.9883  0.0000  0.0002
 1.2   2.1   40.0   50.0  0.9903  0.0004  0.0006
 1.2   2.1   50.0   60.0  0.9892  0.0006  0.0006
 1.2   2.1   60.0   120.0  0.9887  0.0033  0.0006
 2.1   2.4   20.0   25.0  0.9744  0.0017  0.0000
 2.1   2.4   25.0   30.0  0.9757  0.0014  0.0014
 2.1   2.4   30.0   40.0  0.9716  0.0006  0.0007
 2.1   2.4   40.0   50.0  0.9735  0.0007  0.0008
 2.1   2.4   50.0   60.0  0.9689  0.0020  0.0020
 2.1   2.4   60.0   120.0  0.9617  0.0035  0.0034
