-2.5   -2.4   10   15   1.118452   0.079659   0.079659 
-2.5   -2.4   15   20   0.899447   0.031394   0.031394 
-2.5   -2.4   20   25   0.892747   0.019490   0.019490 
-2.5   -2.4   25   30   0.890641   0.012006   0.012006 
-2.5   -2.4   30   35   0.902530   0.008270   0.008270 
-2.5   -2.4   35   40   0.948893   0.007062   0.007062 
-2.5   -2.4   40   42   0.930504   0.008648   0.008648 
-2.5   -2.4   42   44   0.947421   0.011027   0.011027 
-2.5   -2.4   44   46   0.950635   0.010418   0.010418 
-2.5   -2.4   46   48   0.962536   0.013129   0.013129 
-2.5   -2.4   48   50   0.949353   0.015369   0.015369 
-2.5   -2.4   50   55   0.937703   0.012768   0.012768 
-2.5   -2.4   55   60   0.913408   0.019740   0.019740 
-2.5   -2.4   60   70   0.972305   0.024253   0.024253 
-2.5   -2.4   70   100   0.961169   0.027980   0.027980 
-2.5   -2.4   100   1000   1.077537   0.048252   0.048252 
-2.4   -2.3   10   15   0.992906   0.061618   0.061618 
-2.4   -2.3   15   20   0.869471   0.028592   0.028592 
-2.4   -2.3   20   25   0.921925   0.016547   0.016547 
-2.4   -2.3   25   30   0.925168   0.011511   0.011511 
-2.4   -2.3   30   35   0.948393   0.007646   0.007646 
-2.4   -2.3   35   40   0.970596   0.005867   0.005867 
-2.4   -2.3   40   42   0.983670   0.008092   0.008092 
-2.4   -2.3   42   44   0.987077   0.008271   0.008271 
-2.4   -2.3   44   46   1.000460   0.008909   0.008909 
-2.4   -2.3   46   48   0.993224   0.011336   0.011336 
-2.4   -2.3   48   50   0.982039   0.013895   0.013895 
-2.4   -2.3   50   55   1.032428   0.012445   0.012445 
-2.4   -2.3   55   60   0.977904   0.016902   0.016902 
-2.4   -2.3   60   70   1.027126   0.023989   0.023989 
-2.4   -2.3   70   100   1.026166   0.022131   0.022131 
-2.4   -2.3   100   1000   1.073807   0.035865   0.035865 
-2.3   -2.2   10   15   0.910268   0.050128   0.050128 
-2.3   -2.2   15   20   0.799486   0.022428   0.022428 
-2.3   -2.2   20   25   0.884503   0.016264   0.016264 
-2.3   -2.2   25   30   0.917327   0.009560   0.009560 
-2.3   -2.2   30   35   0.923551   0.006850   0.006850 
-2.3   -2.2   35   40   0.939845   0.004768   0.004768 
-2.3   -2.2   40   42   0.951792   0.007350   0.007350 
-2.3   -2.2   42   44   0.964082   0.006791   0.006791 
-2.3   -2.2   44   46   0.973686   0.007501   0.007501 
-2.3   -2.2   46   48   0.974624   0.009587   0.009587 
-2.3   -2.2   48   50   1.001243   0.011942   0.011942 
-2.3   -2.2   50   55   0.972186   0.009603   0.009603 
-2.3   -2.2   55   60   0.993320   0.015979   0.015979 
-2.3   -2.2   60   70   1.008316   0.017689   0.017689 
-2.3   -2.2   70   100   1.010865   0.019708   0.019708 
-2.3   -2.2   100   1000   0.998109   0.031317   0.031317 
-2.2   -2.1   10   15   0.781228   0.044452   0.044452 
-2.2   -2.1   15   20   0.822408   0.024447   0.024447 
-2.2   -2.1   20   25   0.829071   0.014321   0.014321 
-2.2   -2.1   25   30   0.866230   0.009057   0.009057 
-2.2   -2.1   30   35   0.894667   0.006452   0.006452 
-2.2   -2.1   35   40   0.914084   0.004342   0.004342 
-2.2   -2.1   40   42   0.921937   0.006309   0.006309 
-2.2   -2.1   42   44   0.936911   0.006436   0.006436 
-2.2   -2.1   44   46   0.971945   0.006525   0.006525 
-2.2   -2.1   46   48   0.939531   0.006895   0.006895 
-2.2   -2.1   48   50   0.959755   0.008793   0.008793 
-2.2   -2.1   50   55   0.962876   0.008781   0.008781 
-2.2   -2.1   55   60   0.939438   0.013296   0.013296 
-2.2   -2.1   60   70   0.956554   0.013848   0.013848 
-2.2   -2.1   70   100   0.976949   0.016151   0.016151 
-2.2   -2.1   100   1000   1.021901   0.024199   0.024199 
-2.1   -2.0   10   15   0.788207   0.044901   0.044901 
-2.1   -2.0   15   20   0.828497   0.021461   0.021461 
-2.1   -2.0   20   25   0.879905   0.013646   0.013646 
-2.1   -2.0   25   30   0.892350   0.009599   0.009599 
-2.1   -2.0   30   35   0.933741   0.006097   0.006097 
-2.1   -2.0   35   40   0.945490   0.004265   0.004265 
-2.1   -2.0   40   42   0.939820   0.005817   0.005817 
-2.1   -2.0   42   44   0.959595   0.006468   0.006468 
-2.1   -2.0   44   46   0.970419   0.006054   0.006054 
-2.1   -2.0   46   48   0.959312   0.007178   0.007178 
-2.1   -2.0   48   50   0.959463   0.007984   0.007984 
-2.1   -2.0   50   55   0.967258   0.007203   0.007203 
-2.1   -2.0   55   60   0.958426   0.011457   0.011457 
-2.1   -2.0   60   70   0.964200   0.012935   0.012935 
-2.1   -2.0   70   100   0.969284   0.014475   0.014475 
-2.1   -2.0   100   1000   0.941358   0.021078   0.021078 
-2.0   -1.8   10   15   0.765235   0.030744   0.030744 
-2.0   -1.8   15   20   0.840842   0.015448   0.015448 
-2.0   -1.8   20   25   0.865040   0.009153   0.009153 
-2.0   -1.8   25   30   0.926476   0.006733   0.006733 
-2.0   -1.8   30   35   0.939193   0.004152   0.004152 
-2.0   -1.8   35   40   0.960511   0.003036   0.003036 
-2.0   -1.8   40   42   0.973266   0.003807   0.003807 
-2.0   -1.8   42   44   0.976766   0.004192   0.004192 
-2.0   -1.8   44   46   0.982678   0.003483   0.003483 
-2.0   -1.8   46   48   0.982831   0.004126   0.004126 
-2.0   -1.8   48   50   0.981768   0.005265   0.005265 
-2.0   -1.8   50   55   0.979197   0.004092   0.004092 
-2.0   -1.8   55   60   0.983850   0.007123   0.007123 
-2.0   -1.8   60   70   0.995915   0.006756   0.006756 
-2.0   -1.8   70   100   0.975747   0.009139   0.009139 
-2.0   -1.8   100   1000   1.002126   0.012243   0.012243 
-1.8   -1.6   10   15   0.814106   0.029959   0.029959 
-1.8   -1.6   15   20   0.871735   0.013951   0.013951 
-1.8   -1.6   20   25   0.893755   0.009468   0.009468 
-1.8   -1.6   25   30   0.925465   0.005927   0.005927 
-1.8   -1.6   30   35   0.946296   0.004147   0.004147 
-1.8   -1.6   35   40   0.973318   0.002638   0.002638 
-1.8   -1.6   40   42   0.987512   0.003368   0.003368 
-1.8   -1.6   42   44   0.989271   0.003254   0.003254 
-1.8   -1.6   44   46   0.993797   0.003834   0.003834 
-1.8   -1.6   46   48   0.992372   0.003391   0.003391 
-1.8   -1.6   48   50   0.993897   0.004273   0.004273 
-1.8   -1.6   50   55   0.995639   0.003889   0.003889 
-1.8   -1.6   55   60   0.982856   0.005899   0.005899 
-1.8   -1.6   60   70   0.996579   0.007097   0.007097 
-1.8   -1.6   70   100   0.999279   0.007991   0.007991 
-1.8   -1.6   100   1000   0.986916   0.010316   0.010316 
-1.6   -1.4   10   15   1.041447   0.045377   0.045377 
-1.6   -1.4   15   20   0.930130   0.032588   0.032588 
-1.6   -1.4   20   25   1.002147   0.020881   0.020881 
-1.6   -1.4   25   30   0.995871   0.012847   0.012847 
-1.6   -1.4   30   35   1.016801   0.008916   0.008916 
-1.6   -1.4   35   40   1.015211   0.007116   0.007116 
-1.6   -1.4   40   42   0.993411   0.007612   0.007612 
-1.6   -1.4   42   44   1.000161   0.007634   0.007634 
-1.6   -1.4   44   46   0.982739   0.007549   0.007549 
-1.6   -1.4   46   48   0.977563   0.007693   0.007693 
-1.6   -1.4   48   50   0.961252   0.008791   0.008791 
-1.6   -1.4   50   55   0.975576   0.008880   0.008880 
-1.6   -1.4   55   60   0.984177   0.014122   0.014122 
-1.6   -1.4   60   70   0.945896   0.014362   0.014362 
-1.6   -1.4   70   100   1.022430   0.020464   0.020464 
-1.6   -1.4   100   1000   1.039227   0.020777   0.020777 
-1.4   -1.2   10   15   1.116330   0.038413   0.038413 
-1.4   -1.2   15   20   0.937225   0.014056   0.014056 
-1.4   -1.2   20   25   0.947080   0.008151   0.008151 
-1.4   -1.2   25   30   0.957995   0.005110   0.005110 
-1.4   -1.2   30   35   0.966138   0.003073   0.003073 
-1.4   -1.2   35   40   0.972210   0.001976   0.001976 
-1.4   -1.2   40   42   0.966013   0.002480   0.002480 
-1.4   -1.2   42   44   0.973156   0.012796   0.012796 
-1.4   -1.2   44   46   0.979188   0.002280   0.002280 
-1.4   -1.2   46   48   0.978265   0.002722   0.002722 
-1.4   -1.2   48   50   0.980779   0.003056   0.003056 
-1.4   -1.2   50   55   0.975223   0.002705   0.002705 
-1.4   -1.2   55   60   0.978751   0.004436   0.004436 
-1.4   -1.2   60   70   0.977171   0.005019   0.005019 
-1.4   -1.2   70   100   0.975707   0.006036   0.006036 
-1.4   -1.2   100   1000   0.966680   0.008380   0.008380 
-1.2   -1.0   10   15   0.912020   0.032181   0.032181 
-1.2   -1.0   15   20   0.986036   0.015532   0.015532 
-1.2   -1.0   20   25   0.929836   0.009003   0.009003 
-1.2   -1.0   25   30   0.948379   0.004896   0.004896 
-1.2   -1.0   30   35   0.965881   0.003312   0.003312 
-1.2   -1.0   35   40   0.966994   0.002047   0.002047 
-1.2   -1.0   40   42   0.964651   0.002383   0.002383 
-1.2   -1.0   42   44   0.970344   0.002336   0.002336 
-1.2   -1.0   44   46   0.971353   0.002400   0.002400 
-1.2   -1.0   46   48   0.972732   0.002607   0.002607 
-1.2   -1.0   48   50   0.962531   0.003012   0.003012 
-1.2   -1.0   50   55   0.974812   0.002868   0.002868 
-1.2   -1.0   55   60   0.971250   0.004648   0.004648 
-1.2   -1.0   60   70   0.974730   0.003937   0.003937 
-1.2   -1.0   70   100   0.976531   0.005803   0.005803 
-1.2   -1.0   100   1000   0.950076   0.007748   0.007748 
-1.0   -0.8   10   15   0.967807   0.029860   0.029860 
-1.0   -0.8   15   20   0.963173   0.015745   0.015745 
-1.0   -0.8   20   25   0.948993   0.008787   0.008787 
-1.0   -0.8   25   30   0.949380   0.004984   0.004984 
-1.0   -0.8   30   35   0.959565   0.002796   0.002796 
-1.0   -0.8   35   40   0.967066   0.002169   0.002169 
-1.0   -0.8   40   42   0.969764   0.002317   0.002317 
-1.0   -0.8   42   44   0.973052   0.002149   0.002149 
-1.0   -0.8   44   46   0.968803   0.002395   0.002395 
-1.0   -0.8   46   48   0.973299   0.002652   0.002652 
-1.0   -0.8   48   50   0.974453   0.003062   0.003062 
-1.0   -0.8   50   55   0.977460   0.002377   0.002377 
-1.0   -0.8   55   60   0.972048   0.004211   0.004211 
-1.0   -0.8   60   70   0.980493   0.004552   0.004552 
-1.0   -0.8   70   100   0.988918   0.005360   0.005360 
-1.0   -0.8   100   1000   0.985904   0.006631   0.006631 
-0.8   -0.6   10   15   0.859748   0.027705   0.027705 
-0.8   -0.6   15   20   0.901863   0.014613   0.014613 
-0.8   -0.6   20   25   0.932715   0.009076   0.009076 
-0.8   -0.6   25   30   0.950253   0.005495   0.005495 
-0.8   -0.6   30   35   0.961415   0.003164   0.003164 
-0.8   -0.6   35   40   0.971744   0.002083   0.002083 
-0.8   -0.6   40   42   0.973085   0.002843   0.002843 
-0.8   -0.6   42   44   0.976441   0.014030   0.014030 
-0.8   -0.6   44   46   0.976244   0.002217   0.002217 
-0.8   -0.6   46   48   0.978624   0.002629   0.002629 
-0.8   -0.6   48   50   0.972602   0.003151   0.003151 
-0.8   -0.6   50   55   0.962613   0.002770   0.002770 
-0.8   -0.6   55   60   0.972619   0.004070   0.004070 
-0.8   -0.6   60   70   0.964703   0.004259   0.004259 
-0.8   -0.6   70   100   0.969971   0.005686   0.005686 
-0.8   -0.6   100   1000   0.978041   0.007149   0.007149 
-0.6   -0.4   10   15   0.831090   0.027655   0.027655 
-0.6   -0.4   15   20   0.915919   0.013559   0.013559 
-0.6   -0.4   20   25   0.947177   0.008370   0.008370 
-0.6   -0.4   25   30   0.934416   0.004762   0.004762 
-0.6   -0.4   30   35   0.960152   0.002547   0.002547 
-0.6   -0.4   35   40   0.960853   0.001748   0.001748 
-0.6   -0.4   40   42   0.965089   0.002412   0.002412 
-0.6   -0.4   42   44   0.957764   0.002297   0.002297 
-0.6   -0.4   44   46   0.963823   0.002223   0.002223 
-0.6   -0.4   46   48   0.963183   0.002439   0.002439 
-0.6   -0.4   48   50   0.964066   0.002904   0.002904 
-0.6   -0.4   50   55   0.961029   0.002783   0.002783 
-0.6   -0.4   55   60   0.968917   0.003844   0.003844 
-0.6   -0.4   60   70   0.973310   0.004524   0.004524 
-0.6   -0.4   70   100   0.964619   0.005002   0.005002 
-0.6   -0.4   100   1000   0.978692   0.007444   0.007444 
-0.4   -0.2   10   15   0.864905   0.022928   0.022928 
-0.4   -0.2   15   20   0.886223   0.015788   0.015788 
-0.4   -0.2   20   25   0.932562   0.007640   0.007640 
-0.4   -0.2   25   30   0.930952   0.004255   0.004255 
-0.4   -0.2   30   35   0.951430   0.002558   0.002558 
-0.4   -0.2   35   40   0.949189   0.001661   0.001661 
-0.4   -0.2   40   42   0.956233   0.002163   0.002163 
-0.4   -0.2   42   44   0.958512   0.018666   0.018666 
-0.4   -0.2   44   46   0.958272   0.001883   0.001883 
-0.4   -0.2   46   48   0.959197   0.002549   0.002549 
-0.4   -0.2   48   50   0.956090   0.002781   0.002781 
-0.4   -0.2   50   55   0.960120   0.002990   0.002990 
-0.4   -0.2   55   60   0.962918   0.004668   0.004668 
-0.4   -0.2   60   70   0.958338   0.004539   0.004539 
-0.4   -0.2   70   100   0.954719   0.005202   0.005202 
-0.4   -0.2   100   1000   0.971532   0.006188   0.006188 
-0.2   0.0   10   15   0.794958   0.033130   0.033130 
-0.2   0.0   15   20   0.859513   0.015598   0.015598 
-0.2   0.0   20   25   0.907083   0.006829   0.006829 
-0.2   0.0   25   30   0.914412   0.004248   0.004248 
-0.2   0.0   30   35   0.919886   0.002519   0.002519 
-0.2   0.0   35   40   0.930643   0.023852   0.023852 
-0.2   0.0   40   42   0.934847   0.001878   0.001878 
-0.2   0.0   42   44   0.929089   0.001997   0.001997 
-0.2   0.0   44   46   0.940015   0.002073   0.002073 
-0.2   0.0   46   48   0.940791   0.002287   0.002287 
-0.2   0.0   48   50   0.938038   0.003109   0.003109 
-0.2   0.0   50   55   0.930724   0.002693   0.002693 
-0.2   0.0   55   60   0.927959   0.004316   0.004316 
-0.2   0.0   60   70   0.938544   0.004478   0.004478 
-0.2   0.0   70   100   0.940832   0.005592   0.005592 
-0.2   0.0   100   1000   0.936112   0.006685   0.006685 
0.0   0.2   10   15   0.841789   0.038513   0.038513 
0.0   0.2   15   20   0.859529   0.015319   0.015319 
0.0   0.2   20   25   0.918772   0.007673   0.007673 
0.0   0.2   25   30   0.930542   0.003761   0.003761 
0.0   0.2   30   35   0.938181   0.002310   0.002310 
0.0   0.2   35   40   0.949269   0.001548   0.001548 
0.0   0.2   40   42   0.950515   0.002473   0.002473 
0.0   0.2   42   44   0.952916   0.002091   0.002091 
0.0   0.2   44   46   0.954653   0.002180   0.002180 
0.0   0.2   46   48   0.955220   0.002590   0.002590 
0.0   0.2   48   50   0.953222   0.003180   0.003180 
0.0   0.2   50   55   0.951855   0.002848   0.002848 
0.0   0.2   55   60   0.961366   0.004202   0.004202 
0.0   0.2   60   70   0.952950   0.003626   0.003626 
0.0   0.2   70   100   0.949201   0.004788   0.004788 
0.0   0.2   100   1000   0.963984   0.007060   0.007060 
0.2   0.4   10   15   0.910873   0.035978   0.035978 
0.2   0.4   15   20   0.927490   0.014287   0.014287 
0.2   0.4   20   25   0.951997   0.007931   0.007931 
0.2   0.4   25   30   0.982532   0.019254   0.019254 
0.2   0.4   30   35   0.980747   0.002181   0.002181 
0.2   0.4   35   40   0.989050   0.001836   0.001836 
0.2   0.4   40   42   0.991880   0.002250   0.002250 
0.2   0.4   42   44   0.995525   0.002096   0.002096 
0.2   0.4   44   46   0.989798   0.002473   0.002473 
0.2   0.4   46   48   0.993204   0.002595   0.002595 
0.2   0.4   48   50   0.993791   0.003331   0.003331 
0.2   0.4   50   55   0.990984   0.002486   0.002486 
0.2   0.4   55   60   0.985562   0.004616   0.004616 
0.2   0.4   60   70   0.987278   0.004753   0.004753 
0.2   0.4   70   100   0.998142   0.005618   0.005618 
0.2   0.4   100   1000   1.017224   0.007066   0.007066 
0.4   0.6   10   15   0.930759   0.032559   0.032559 
0.4   0.6   15   20   0.949197   0.013754   0.013754 
0.4   0.6   20   25   0.948627   0.007766   0.007766 
0.4   0.6   25   30   0.971212   0.005196   0.005196 
0.4   0.6   30   35   0.981399   0.002597   0.002597 
0.4   0.6   35   40   0.982623   0.015840   0.015840 
0.4   0.6   40   42   0.985477   0.002414   0.002414 
0.4   0.6   42   44   0.991962   0.002027   0.002027 
0.4   0.6   44   46   0.984456   0.002412   0.002412 
0.4   0.6   46   48   0.991084   0.002457   0.002457 
0.4   0.6   48   50   0.986375   0.002883   0.002883 
0.4   0.6   50   55   0.993795   0.012311   0.012311 
0.4   0.6   55   60   0.989028   0.004139   0.004139 
0.4   0.6   60   70   0.987850   0.004654   0.004654 
0.4   0.6   70   100   0.996919   0.005213   0.005213 
0.4   0.6   100   1000   1.006784   0.007424   0.007424 
0.6   0.8   10   15   0.938266   0.028235   0.028235 
0.6   0.8   15   20   0.965589   0.013975   0.013975 
0.6   0.8   20   25   0.965963   0.008643   0.008643 
0.6   0.8   25   30   0.962699   0.005077   0.005077 
0.6   0.8   30   35   0.979355   0.003249   0.003249 
0.6   0.8   35   40   0.981824   0.001770   0.001770 
0.6   0.8   40   42   0.985485   0.002480   0.002480 
0.6   0.8   42   44   0.983986   0.002190   0.002190 
0.6   0.8   44   46   0.990417   0.002177   0.002177 
0.6   0.8   46   48   0.987272   0.002883   0.002883 
0.6   0.8   48   50   0.982708   0.003467   0.003467 
0.6   0.8   50   55   0.987794   0.003045   0.003045 
0.6   0.8   55   60   0.996803   0.004449   0.004449 
0.6   0.8   60   70   0.989876   0.004964   0.004964 
0.6   0.8   70   100   1.001479   0.005415   0.005415 
0.6   0.8   100   1000   0.986017   0.007268   0.007268 
0.8   1.0   10   15   0.949764   0.030879   0.030879 
0.8   1.0   15   20   0.933784   0.014183   0.014183 
0.8   1.0   20   25   0.980653   0.009181   0.009181 
0.8   1.0   25   30   0.964972   0.004732   0.004732 
0.8   1.0   30   35   0.980837   0.003574   0.003574 
0.8   1.0   35   40   0.987674   0.002112   0.002112 
0.8   1.0   40   42   0.985497   0.002536   0.002536 
0.8   1.0   42   44   0.992640   0.002460   0.002460 
0.8   1.0   44   46   0.993219   0.002520   0.002520 
0.8   1.0   46   48   0.989927   0.002414   0.002414 
0.8   1.0   48   50   0.989696   0.003305   0.003305 
0.8   1.0   50   55   0.989615   0.002733   0.002733 
0.8   1.0   55   60   0.997309   0.004935   0.004935 
0.8   1.0   60   70   0.988540   0.005011   0.005011 
0.8   1.0   70   100   0.996058   0.005198   0.005198 
0.8   1.0   100   1000   1.006547   0.007422   0.007422 
1.0   1.2   10   15   1.002412   0.033361   0.033361 
1.0   1.2   15   20   0.948352   0.015289   0.015289 
1.0   1.2   20   25   0.919214   0.008054   0.008054 
1.0   1.2   25   30   0.950783   0.005797   0.005797 
1.0   1.2   30   35   0.966947   0.003230   0.003230 
1.0   1.2   35   40   0.973672   0.002121   0.002121 
1.0   1.2   40   42   0.982898   0.003066   0.003066 
1.0   1.2   42   44   0.983094   0.002493   0.002493 
1.0   1.2   44   46   0.978107   0.002628   0.002628 
1.0   1.2   46   48   0.980452   0.002691   0.002691 
1.0   1.2   48   50   0.988904   0.003561   0.003561 
1.0   1.2   50   55   0.979936   0.002917   0.002917 
1.0   1.2   55   60   0.983794   0.004623   0.004623 
1.0   1.2   60   70   0.980243   0.004960   0.004960 
1.0   1.2   70   100   0.982209   0.006350   0.006350 
1.0   1.2   100   1000   0.995851   0.009068   0.009068 
1.2   1.4   10   15   1.045672   0.021055   0.021055 
1.2   1.4   15   20   0.925093   0.015287   0.015287 
1.2   1.4   20   25   0.945858   0.008592   0.008592 
1.2   1.4   25   30   0.962681   0.005209   0.005209 
1.2   1.4   30   35   0.959933   0.003322   0.003322 
1.2   1.4   35   40   0.971637   0.002048   0.002048 
1.2   1.4   40   42   0.974917   0.002602   0.002602 
1.2   1.4   42   44   0.968455   0.002204   0.002204 
1.2   1.4   44   46   0.975026   0.002182   0.002182 
1.2   1.4   46   48   0.980856   0.002823   0.002823 
1.2   1.4   48   50   0.976778   0.003366   0.003366 
1.2   1.4   50   55   0.971983   0.002615   0.002615 
1.2   1.4   55   60   0.982759   0.004084   0.004084 
1.2   1.4   60   70   0.978438   0.005186   0.005186 
1.2   1.4   70   100   0.971081   0.005715   0.005715 
1.2   1.4   100   1000   0.977654   0.007856   0.007856 
1.4   1.6   10   15   0.957622   0.068845   0.068845 
1.4   1.6   15   20   0.935459   0.033363   0.033363 
1.4   1.6   20   25   0.928484   0.019145   0.019145 
1.4   1.6   25   30   0.944675   0.013524   0.013524 
1.4   1.6   30   35   0.963136   0.008759   0.008759 
1.4   1.6   35   40   0.982975   0.005797   0.005797 
1.4   1.6   40   42   0.992895   0.007780   0.007780 
1.4   1.6   42   44   0.981554   0.007027   0.007027 
1.4   1.6   44   46   0.977621   0.007021   0.007021 
1.4   1.6   46   48   0.975095   0.007835   0.007835 
1.4   1.6   48   50   0.975702   0.010564   0.010564 
1.4   1.6   50   55   0.975124   0.009045   0.009045 
1.4   1.6   55   60   0.931842   0.014308   0.014308 
1.4   1.6   60   70   0.934510   0.015337   0.015337 
1.4   1.6   70   100   1.013162   0.024015   0.024015 
1.4   1.6   100   1000   0.990880   0.023769   0.023769 
1.6   1.8   10   15   0.868781   0.030304   0.030304 
1.6   1.8   15   20   0.849528   0.014924   0.014924 
1.6   1.8   20   25   0.913011   0.010441   0.010441 
1.6   1.8   25   30   0.930065   0.006330   0.006330 
1.6   1.8   30   35   0.950476   0.003580   0.003580 
1.6   1.8   35   40   0.979640   0.002797   0.002797 
1.6   1.8   40   42   0.987260   0.003257   0.003257 
1.6   1.8   42   44   0.987812   0.003495   0.003495 
1.6   1.8   44   46   0.986292   0.003167   0.003167 
1.6   1.8   46   48   0.992463   0.003842   0.003842 
1.6   1.8   48   50   0.995567   0.004437   0.004437 
1.6   1.8   50   55   1.000895   0.003893   0.003893 
1.6   1.8   55   60   1.001129   0.005903   0.005903 
1.6   1.8   60   70   0.997184   0.007370   0.007370 
1.6   1.8   70   100   0.981435   0.007573   0.007573 
1.6   1.8   100   1000   0.993028   0.009708   0.009708 
1.8   2.0   10   15   0.856014   0.030255   0.030255 
1.8   2.0   15   20   0.890763   0.013138   0.013138 
1.8   2.0   20   25   0.876178   0.009489   0.009489 
1.8   2.0   25   30   0.930252   0.006577   0.006577 
1.8   2.0   30   35   0.948667   0.003888   0.003888 
1.8   2.0   35   40   0.958497   0.002572   0.002572 
1.8   2.0   40   42   0.967659   0.003516   0.003516 
1.8   2.0   42   44   0.975779   0.003715   0.003715 
1.8   2.0   44   46   0.980752   0.003509   0.003509 
1.8   2.0   46   48   0.979247   0.004325   0.004325 
1.8   2.0   48   50   0.983887   0.005179   0.005179 
1.8   2.0   50   55   0.978840   0.004283   0.004283 
1.8   2.0   55   60   0.983310   0.007011   0.007011 
1.8   2.0   60   70   1.002472   0.007951   0.007951 
1.8   2.0   70   100   0.978585   0.008565   0.008565 
1.8   2.0   100   1000   0.987791   0.012656   0.012656 
2.0   2.1   10   15   0.741114   0.034532   0.034532 
2.0   2.1   15   20   0.856523   0.019679   0.019679 
2.0   2.1   20   25   0.848028   0.013430   0.013430 
2.0   2.1   25   30   0.887188   0.009140   0.009140 
2.0   2.1   30   35   0.924555   0.005420   0.005420 
2.0   2.1   35   40   0.948106   0.004008   0.004008 
2.0   2.1   40   42   0.942947   0.005770   0.005770 
2.0   2.1   42   44   0.973609   0.006067   0.006067 
2.0   2.1   44   46   0.965036   0.005349   0.005349 
2.0   2.1   46   48   0.970406   0.006587   0.006587 
2.0   2.1   48   50   0.978551   0.007725   0.007725 
2.0   2.1   50   55   0.981905   0.007328   0.007328 
2.0   2.1   55   60   0.981892   0.011504   0.011504 
2.0   2.1   60   70   0.969180   0.013214   0.013214 
2.0   2.1   70   100   0.971561   0.014461   0.014461 
2.0   2.1   100   1000   0.996820   0.020269   0.020269 
2.1   2.2   10   15   0.860735   0.043686   0.043686 
2.1   2.2   15   20   0.854741   0.023386   0.023386 
2.1   2.2   20   25   0.867938   0.013634   0.013634 
2.1   2.2   25   30   0.895596   0.009112   0.009112 
2.1   2.2   30   35   0.919184   0.005994   0.005994 
2.1   2.2   35   40   0.929554   0.024856   0.024856 
2.1   2.2   40   42   0.936771   0.006900   0.006900 
2.1   2.2   42   44   0.954284   0.006473   0.006473 
2.1   2.2   44   46   0.944517   0.006534   0.006534 
2.1   2.2   46   48   0.959926   0.007308   0.007308 
2.1   2.2   48   50   0.981031   0.009828   0.009828 
2.1   2.2   50   55   0.966396   0.007723   0.007723 
2.1   2.2   55   60   0.975962   0.012604   0.012604 
2.1   2.2   60   70   0.987068   0.015600   0.015600 
2.1   2.2   70   100   0.990063   0.014557   0.014557 
2.1   2.2   100   1000   0.973833   0.025124   0.025124 
2.2   2.3   10   15   0.761103   0.041402   0.041402 
2.2   2.3   15   20   0.859574   0.024762   0.024762 
2.2   2.3   20   25   0.877290   0.015465   0.015465 
2.2   2.3   25   30   0.878111   0.009345   0.009345 
2.2   2.3   30   35   0.900285   0.006042   0.006042 
2.2   2.3   35   40   0.926940   0.005195   0.005195 
2.2   2.3   40   42   0.945779   0.006472   0.006472 
2.2   2.3   42   44   0.956149   0.006838   0.006838 
2.2   2.3   44   46   0.946592   0.006293   0.006293 
2.2   2.3   46   48   0.945352   0.008098   0.008098 
2.2   2.3   48   50   0.957359   0.010351   0.010351 
2.2   2.3   50   55   0.937997   0.009375   0.009375 
2.2   2.3   55   60   0.950978   0.013598   0.013598 
2.2   2.3   60   70   0.957055   0.014209   0.014209 
2.2   2.3   70   100   0.964847   0.017614   0.017614 
2.2   2.3   100   1000   0.956658   0.024386   0.024386 
2.3   2.4   10   15   0.990966   0.061977   0.061977 
2.3   2.4   15   20   0.872042   0.026835   0.026835 
2.3   2.4   20   25   0.869737   0.016149   0.016149 
2.3   2.4   25   30   0.845802   0.008979   0.008979 
2.3   2.4   30   35   0.885564   0.006996   0.006996 
2.3   2.4   35   40   0.906808   0.004749   0.004749 
2.3   2.4   40   42   0.913985   0.006957   0.006957 
2.3   2.4   42   44   0.926449   0.007009   0.007009 
2.3   2.4   44   46   0.942084   0.007557   0.007557 
2.3   2.4   46   48   0.946921   0.009685   0.009685 
2.3   2.4   48   50   0.927921   0.010689   0.010689 
2.3   2.4   50   55   0.946018   0.010675   0.010675 
2.3   2.4   55   60   0.962750   0.015569   0.015569 
2.3   2.4   60   70   0.938056   0.017770   0.017770 
2.3   2.4   70   100   0.989256   0.020634   0.020634 
2.3   2.4   100   1000   1.044271   0.032980   0.032980 
2.4   2.5   10   15   0.951793   0.061139   0.061139 
2.4   2.5   15   20   0.851676   0.032182   0.032182 
2.4   2.5   20   25   0.827052   0.017206   0.017206 
2.4   2.5   25   30   0.821600   0.010604   0.010604 
2.4   2.5   30   35   0.850052   0.007380   0.007380 
2.4   2.5   35   40   0.887805   0.005583   0.005583 
2.4   2.5   40   42   0.903092   0.008097   0.008097 
2.4   2.5   42   44   0.903184   0.008500   0.008500 
2.4   2.5   44   46   0.902304   0.008733   0.008733 
2.4   2.5   46   48   0.872000   0.010334   0.010334 
2.4   2.5   48   50   0.927512   0.013227   0.013227 
2.4   2.5   50   55   0.904260   0.012108   0.012108 
2.4   2.5   55   60   0.929537   0.019366   0.019366 
2.4   2.5   60   70   0.883977   0.022091   0.022091 
2.4   2.5   70   100   0.882501   0.029325   0.029325 
2.4   2.5   100   1000   1.044527   0.045237   0.045237 
