-2.4   -2.1  0  10000  1.000085   0.000871   0.000871 
-2.1   -1.6  0  10000  0.997879   0.000246   0.000246 
-1.6   -1.2  0  10000  0.998387   0.000206   0.000206 
-1.2   -0.9  0  10000  0.998666   0.000227   0.000227 
-0.9   -0.6  0  10000  0.999174   0.000111   0.000111 
-0.6   -0.3  0  10000  0.999416   0.000106   0.000106 
-0.3   -0.2  0  10000  0.999280   0.000182   0.000182 
-0.2    0.2  0  10000  0.999405   0.000081   0.000081 
 0.2    0.3  0  10000  0.999678   0.000190   0.000190 
 0.3    0.6  0  10000  0.999544   0.000107   0.000107 
 0.6    0.9  0  10000  0.999311   0.000118   0.000118 
 0.9    1.2  0  10000  0.998382   0.000227   0.000227 
 1.2    1.6  0  10000  0.997051   0.000218   0.000218 
 1.6    2.1  0  10000  0.998565   0.000226   0.000226 
 2.1    2.4  0  10000  0.998243   0.000849   0.000849 
