-2.4   -2.1   10.000000   15.000000   0.927740   0.027233   0.027233 
-2.4   -2.1   15.000000   20.000000   0.954626   0.012095   0.012095 
-2.4   -2.1   20.000000   25.000000   0.954535   0.005469   0.005469 
-2.4   -2.1   25.000000   30.000000   0.965947   0.003160   0.003160 
-2.4   -2.1   30.000000   35.000000   0.970149   0.002031   0.002031 
-2.4   -2.1   35.000000   40.000000   0.972980   0.001431   0.001431 
-2.4   -2.1   40.000000   45.000000   0.974024   0.001133   0.001133 
-2.4   -2.1   45.000000   50.000000   0.969541   0.001587   0.001587 
-2.4   -2.1   50.000000   55.000000   0.966081   0.003490   0.003490 
-2.4   -2.1   55.000000   60.000000   0.964815   0.005422   0.005422 
-2.4   -2.1   60.000000   120.000000   0.942905   0.007651   0.007651 
-2.1   -1.6   10.000000   15.000000   0.996377   0.005988   0.005988 
-2.1   -1.6   15.000000   20.000000   0.985762   0.007532   0.007532 
-2.1   -1.6   20.000000   25.000000   0.968120   0.004265   0.004265 
-2.1   -1.6   25.000000   30.000000   0.977249   0.002105   0.002105 
-2.1   -1.6   30.000000   35.000000   0.988566   0.001339   0.001339 
-2.1   -1.6   35.000000   40.000000   0.987793   0.000596   0.000596 
-2.1   -1.6   40.000000   45.000000   0.987318   0.000629   0.000629 
-2.1   -1.6   45.000000   50.000000   0.989140   0.000856   0.000856 
-2.1   -1.6   50.000000   55.000000   0.985545   0.001558   0.001558 
-2.1   -1.6   55.000000   60.000000   0.992886   0.002536   0.002536 
-2.1   -1.6   60.000000   120.000000   0.990095   0.002801   0.002801 
-1.6   -1.2   10.000000   15.000000   0.882742   0.033594   0.033594 
-1.6   -1.2   15.000000   20.000000   1.002724   0.012354   0.012354 
-1.6   -1.2   20.000000   25.000000   0.986429   0.006425   0.006425 
-1.6   -1.2   25.000000   30.000000   0.983930   0.003152   0.003152 
-1.6   -1.2   30.000000   35.000000   0.994078   0.001906   0.001906 
-1.6   -1.2   35.000000   40.000000   0.995832   0.001127   0.001127 
-1.6   -1.2   40.000000   45.000000   0.998490   0.000741   0.000741 
-1.6   -1.2   45.000000   50.000000   0.997370   0.000941   0.000941 
-1.6   -1.2   50.000000   55.000000   0.996310   0.001813   0.001813 
-1.6   -1.2   55.000000   60.000000   0.987739   0.003636   0.003636 
-1.6   -1.2   60.000000   120.000000   0.982034   0.008537   0.008537 
-1.2   -0.9   10.000000   15.000000   0.885986   0.044185   0.044185 
-1.2   -0.9   15.000000   20.000000   0.993912   0.018285   0.018285 
-1.2   -0.9   20.000000   25.000000   0.979208   0.007861   0.007861 
-1.2   -0.9   25.000000   30.000000   0.987375   0.002040   0.002040 
-1.2   -0.9   30.000000   35.000000   0.990966   0.002125   0.002125 
-1.2   -0.9   35.000000   40.000000   0.994850   0.010617   0.010617 
-1.2   -0.9   40.000000   45.000000   0.992759   0.012355   0.012355 
-1.2   -0.9   45.000000   50.000000   0.995769   0.000965   0.000965 
-1.2   -0.9   50.000000   55.000000   0.998313   0.001822   0.001822 
-1.2   -0.9   55.000000   60.000000   0.996688   0.003941   0.003941 
-1.2   -0.9   60.000000   120.000000   0.974956   0.005892   0.005892 
-0.9   -0.3   10.000000   15.000000   0.920174   0.059166   0.059166 
-0.9   -0.3   15.000000   20.000000   1.016617   0.012774   0.012774 
-0.9   -0.3   20.000000   25.000000   0.987761   0.006282   0.006282 
-0.9   -0.3   25.000000   30.000000   0.984700   0.001299   0.001299 
-0.9   -0.3   30.000000   35.000000   0.989767   0.001548   0.001548 
-0.9   -0.3   35.000000   40.000000   0.994309   0.010664   0.010664 
-0.9   -0.3   40.000000   45.000000   0.994643   0.014353   0.014353 
-0.9   -0.3   45.000000   50.000000   0.995216   0.000678   0.000678 
-0.9   -0.3   50.000000   55.000000   0.997316   0.001279   0.001279 
-0.9   -0.3   55.000000   60.000000   0.991441   0.002367   0.002367 
-0.9   -0.3   60.000000   120.000000   0.986234   0.000687   0.000687 
-0.3   -0.2   10.000000   15.000000   1.279562   0.174170   0.174170 
-0.3   -0.2   15.000000   20.000000   0.963653   0.043738   0.043738 
-0.3   -0.2   20.000000   25.000000   0.967448   0.018003   0.018003 
-0.3   -0.2   25.000000   30.000000   0.969679   0.007180   0.007180 
-0.3   -0.2   30.000000   35.000000   0.977074   0.003668   0.003668 
-0.3   -0.2   35.000000   40.000000   0.982455   0.002055   0.002055 
-0.3   -0.2   40.000000   45.000000   0.983472   0.001488   0.001488 
-0.3   -0.2   45.000000   50.000000   0.985287   0.001725   0.001725 
-0.3   -0.2   50.000000   55.000000   0.985736   0.003740   0.003740 
-0.3   -0.2   55.000000   60.000000   0.978063   0.005958   0.005958 
-0.3   -0.2   60.000000   120.000000   0.974548   0.008938   0.008938 
-0.2   0.2   10.000000   15.000000   1.111017   0.085839   0.085839 
-0.2   0.2   15.000000   20.000000   1.028879   0.022528   0.022528 
-0.2   0.2   20.000000   25.000000   0.961441   0.007212   0.007212 
-0.2   0.2   25.000000   30.000000   0.980042   0.001756   0.001756 
-0.2   0.2   30.000000   35.000000   0.982446   0.001898   0.001898 
-0.2   0.2   35.000000   40.000000   0.989096   0.000676   0.000676 
-0.2   0.2   40.000000   45.000000   0.991414   0.000787   0.000787 
-0.2   0.2   45.000000   50.000000   0.994659   0.011601   0.011601 
-0.2   0.2   50.000000   55.000000   0.995852   0.001631   0.001631 
-0.2   0.2   55.000000   60.000000   0.996993   0.002939   0.002939 
-0.2   0.2   60.000000   120.000000   0.985959   0.004464   0.004464 
0.2   0.3   10.000000   15.000000   1.249174   0.178957   0.178957 
0.2   0.3   15.000000   20.000000   0.894507   0.037221   0.037221 
0.2   0.3   20.000000   25.000000   0.947536   0.018938   0.018938 
0.2   0.3   25.000000   30.000000   0.977972   0.007120   0.007120 
0.2   0.3   30.000000   35.000000   0.973317   0.004132   0.004132 
0.2   0.3   35.000000   40.000000   0.985711   0.002198   0.002198 
0.2   0.3   40.000000   45.000000   0.986685   0.001095   0.001095 
0.2   0.3   45.000000   50.000000   0.984754   0.001891   0.001891 
0.2   0.3   50.000000   55.000000   0.990131   0.003591   0.003591 
0.2   0.3   55.000000   60.000000   0.972397   0.003323   0.003323 
0.2   0.3   60.000000   120.000000   0.989642   0.006005   0.006005 
0.3   0.9   10.000000   15.000000   0.985957   0.055864   0.055864 
0.3   0.9   15.000000   20.000000   0.966543   0.014590   0.014590 
0.3   0.9   20.000000   25.000000   0.978290   0.006671   0.006671 
0.3   0.9   25.000000   30.000000   0.991750   0.002867   0.002867 
0.3   0.9   30.000000   35.000000   0.990703   0.001430   0.001430 
0.3   0.9   35.000000   40.000000   0.996739   0.000874   0.000874 
0.3   0.9   40.000000   45.000000   0.997014   0.000562   0.000562 
0.3   0.9   45.000000   50.000000   0.996529   0.000723   0.000723 
0.3   0.9   50.000000   55.000000   0.995807   0.017282   0.017282 
0.3   0.9   55.000000   60.000000   0.988373   0.002934   0.002934 
0.3   0.9   60.000000   120.000000   0.990178   0.000754   0.000754 
0.9   1.2   10.000000   15.000000   0.819367   0.043266   0.043266 
0.9   1.2   15.000000   20.000000   0.990909   0.018530   0.018530 
0.9   1.2   20.000000   25.000000   0.988643   0.008826   0.008826 
0.9   1.2   25.000000   30.000000   0.996302   0.004430   0.004430 
0.9   1.2   30.000000   35.000000   0.997523   0.001968   0.001968 
0.9   1.2   35.000000   40.000000   0.991380   0.001303   0.001303 
0.9   1.2   40.000000   45.000000   0.994342   0.011632   0.011632 
0.9   1.2   45.000000   50.000000   0.995511   0.001004   0.001004 
0.9   1.2   50.000000   55.000000   0.994518   0.001985   0.001985 
0.9   1.2   55.000000   60.000000   0.987178   0.004067   0.004067 
0.9   1.2   60.000000   120.000000   0.982521   0.005913   0.005913 
1.2   1.6   10.000000   15.000000   0.839470   0.057103   0.057103 
1.2   1.6   15.000000   20.000000   0.999572   0.017190   0.017190 
1.2   1.6   20.000000   25.000000   0.976150   0.007964   0.007964 
1.2   1.6   25.000000   30.000000   1.000380   0.004204   0.004204 
1.2   1.6   30.000000   35.000000   0.997560   0.002712   0.002712 
1.2   1.6   35.000000   40.000000   0.996244   0.001463   0.001463 
1.2   1.6   40.000000   45.000000   0.996024   0.000964   0.000964 
1.2   1.6   45.000000   50.000000   0.999319   0.001042   0.001042 
1.2   1.6   50.000000   55.000000   0.994692   0.002645   0.002645 
1.2   1.6   55.000000   60.000000   0.963017   0.007795   0.007795 
1.2   1.6   60.000000   120.000000   0.932240   0.009726   0.009726 
1.6   2.1   10.000000   15.000000   0.936241   0.019835   0.019835 
1.6   2.1   15.000000   20.000000   0.975268   0.008601   0.008601 
1.6   2.1   20.000000   25.000000   0.969444   0.005180   0.005180 
1.6   2.1   25.000000   30.000000   0.980337   0.002692   0.002692 
1.6   2.1   30.000000   35.000000   0.990927   0.000850   0.000850 
1.6   2.1   35.000000   40.000000   0.991049   0.000928   0.000928 
1.6   2.1   40.000000   45.000000   0.992568   0.000632   0.000632 
1.6   2.1   45.000000   50.000000   0.993255   0.000788   0.000788 
1.6   2.1   50.000000   55.000000   0.987549   0.001924   0.001924 
1.6   2.1   55.000000   60.000000   0.995087   0.003325   0.003325 
1.6   2.1   60.000000   120.000000   0.962220   0.005422   0.005422 
2.1   2.4   10.000000   15.000000   0.919282   0.007493   0.007493 
2.1   2.4   15.000000   20.000000   0.927918   0.007312   0.007312 
2.1   2.4   20.000000   25.000000   0.953270   0.005320   0.005320 
2.1   2.4   25.000000   30.000000   0.960793   0.003017   0.003017 
2.1   2.4   30.000000   35.000000   0.964059   0.001865   0.001865 
2.1   2.4   35.000000   40.000000   0.973636   0.001437   0.001437 
2.1   2.4   40.000000   45.000000   0.974029   0.001160   0.001160 
2.1   2.4   45.000000   50.000000   0.971584   0.001657   0.001657 
2.1   2.4   50.000000   55.000000   0.977606   0.002857   0.002857 
2.1   2.4   55.000000   60.000000   0.970699   0.005613   0.005613 
2.1   2.4   60.000000   120.000000   0.978548   0.007437   0.007437 
