-2.4   -2.1   10   15   0.867167   0.006911   0.006911 
-2.4   -2.1   15   20   0.894207   0.012030   0.012030 
-2.4   -2.1   20   25   0.924453   0.002552   0.002552 
-2.4   -2.1   25   30   0.950188   0.002943   0.002943 
-2.4   -2.1   30   35   0.954998   0.002031   0.002031 
-2.4   -2.1   35   40   0.962106   0.001472   0.001472 
-2.4   -2.1   40   45   0.967106   0.001436   0.001436 
-2.4   -2.1   45   50   0.964804   0.001755   0.001755 
-2.4   -2.1   50   55   0.956727   0.003211   0.003211 
-2.4   -2.1   55   60   0.957962   0.005682   0.005682 
-2.4   -2.1   60   120   0.943368   0.007058   0.007058 
-2.1   -1.6   10   15   0.931571   0.014777   0.014777 
-2.1   -1.6   15   20   0.954988   0.008075   0.008075 
-2.1   -1.6   20   25   0.968673   0.002098   0.002098 
-2.1   -1.6   25   30   0.971056   0.002119   0.002119 
-2.1   -1.6   30   35   0.979582   0.001270   0.001270 
-2.1   -1.6   35   40   0.983285   0.000878   0.000878 
-2.1   -1.6   40   45   0.985058   0.000354   0.000354 
-2.1   -1.6   45   50   0.987277   0.000723   0.000723 
-2.1   -1.6   50   55   0.985877   0.001395   0.001395 
-2.1   -1.6   55   60   0.983699   0.002435   0.002435 
-2.1   -1.6   60   120   0.986728   0.002865   0.002865 
-1.6   -1.2   10   15   0.941781   0.034177   0.034177 
-1.6   -1.2   15   20   0.973166   0.011052   0.011052 
-1.6   -1.2   20   25   0.981091   0.002299   0.002299 
-1.6   -1.2   25   30   0.972609   0.002845   0.002845 
-1.6   -1.2   30   35   0.984693   0.000980   0.000980 
-1.6   -1.2   35   40   0.988533   0.001073   0.001073 
-1.6   -1.2   40   45   0.990657   0.000672   0.000672 
-1.6   -1.2   45   50   0.992279   0.000793   0.000793 
-1.6   -1.2   50   55   0.988490   0.001719   0.001719 
-1.6   -1.2   55   60   0.991721   0.000942   0.000942 
-1.6   -1.2   60   120   0.984367   0.003372   0.003372 
-1.2   -0.9   10   15   0.851711   0.031032   0.031032 
-1.2   -0.9   15   20   0.963449   0.015326   0.015326 
-1.2   -0.9   20   25   0.966980   0.007646   0.007646 
-1.2   -0.9   25   30   0.966533   0.003835   0.003835 
-1.2   -0.9   30   35   0.979495   0.001991   0.001991 
-1.2   -0.9   35   40   0.986211   0.001101   0.001101 
-1.2   -0.9   40   45   0.986627   0.000895   0.000895 
-1.2   -0.9   45   50   0.989902   0.001069   0.001069 
-1.2   -0.9   50   55   0.988849   0.002087   0.002087 
-1.2   -0.9   55   60   0.980968   0.003615   0.003615 
-1.2   -0.9   60   120   0.966240   0.004095   0.004095 
-0.9   -0.3   10   15   1.016176   0.051082   0.051082 
-0.9   -0.3   15   20   0.997753   0.014946   0.014946 
-0.9   -0.3   20   25   0.984418   0.005740   0.005740 
-0.9   -0.3   25   30   0.976339   0.002995   0.002995 
-0.9   -0.3   30   35   0.985994   0.016089   0.016089 
-0.9   -0.3   35   40   0.990845   0.000514   0.000514 
-0.9   -0.3   40   45   0.991899   0.000596   0.000596 
-0.9   -0.3   45   50   0.993581   0.013259   0.013259 
-0.9   -0.3   50   55   0.995728   0.000577   0.000577 
-0.9   -0.3   55   60   0.991723   0.002768   0.002768 
-0.9   -0.3   60   120   0.977422   0.004455   0.004455 
-0.3   -0.2   10   15   1.173663   0.221663   0.221663 
-0.3   -0.2   15   20   1.013396   0.043068   0.043068 
-0.3   -0.2   20   25   0.952563   0.018396   0.018396 
-0.3   -0.2   25   30   0.951789   0.007326   0.007326 
-0.3   -0.2   30   35   0.973867   0.010768   0.010768 
-0.3   -0.2   35   40   0.974235   0.002254   0.002254 
-0.3   -0.2   40   45   0.976735   0.000951   0.000951 
-0.3   -0.2   45   50   0.974448   0.002110   0.002110 
-0.3   -0.2   50   55   0.984701   0.020839   0.020839 
-0.3   -0.2   55   60   0.982274   0.008057   0.008057 
-0.3   -0.2   60   120   0.940185   0.011396   0.011396 
-0.2   0.2   10   15   1.216651   0.115446   0.115446 
-0.2   0.2   15   20   0.976728   0.021683   0.021683 
-0.2   0.2   20   25   0.962183   0.008128   0.008128 
-0.2   0.2   25   30   0.969861   0.003299   0.003299 
-0.2   0.2   30   35   0.981397   0.001844   0.001844 
-0.2   0.2   35   40   0.985240   0.001118   0.001118 
-0.2   0.2   40   45   0.989475   0.000744   0.000744 
-0.2   0.2   45   50   0.991018   0.013055   0.013055 
-0.2   0.2   50   55   0.990592   0.001843   0.001843 
-0.2   0.2   55   60   0.994095   0.003913   0.003913 
-0.2   0.2   60   120   0.980719   0.001017   0.001017 
0.2   0.3   10   15   1.027098   0.123533   0.123533 
0.2   0.3   15   20   0.986668   0.055531   0.055531 
0.2   0.3   20   25   0.976468   0.018878   0.018878 
0.2   0.3   25   30   0.974380   0.008214   0.008214 
0.2   0.3   30   35   0.963995   0.003352   0.003352 
0.2   0.3   35   40   0.980650   0.002169   0.002169 
0.2   0.3   40   45   0.980798   0.001531   0.001531 
0.2   0.3   45   50   0.980843   0.001997   0.001997 
0.2   0.3   50   55   0.975171   0.004159   0.004159 
0.2   0.3   55   60   0.982013   0.009592   0.009592 
0.2   0.3   60   120   0.985300   0.010869   0.010869 
0.3   0.9   10   15   0.892753   0.037583   0.037583 
0.3   0.9   15   20   0.990755   0.005018   0.005018 
0.3   0.9   20   25   0.971165   0.020454   0.020454 
0.3   0.9   25   30   0.988469   0.002916   0.002916 
0.3   0.9   30   35   0.990202   0.019404   0.019404 
0.3   0.9   35   40   0.992115   0.000475   0.000475 
0.3   0.9   40   45   0.993259   0.000614   0.000614 
0.3   0.9   45   50   0.994853   0.000374   0.000374 
0.3   0.9   50   55   0.996029   0.000951   0.000951 
0.3   0.9   55   60   0.987670   0.000842   0.000842 
0.3   0.9   60   120   0.976750   0.004079   0.004079 
0.9   1.2   10   15   0.838669   0.028339   0.028339 
0.9   1.2   15   20   0.985644   0.018332   0.018332 
0.9   1.2   20   25   0.969415   0.008419   0.008419 
0.9   1.2   25   30   0.973192   0.003817   0.003817 
0.9   1.2   30   35   0.987478   0.001237   0.001237 
0.9   1.2   35   40   0.983793   0.000701   0.000701 
0.9   1.2   40   45   0.985800   0.000479   0.000479 
0.9   1.2   45   50   0.988301   0.000557   0.000557 
0.9   1.2   50   55   0.990142   0.001662   0.001662 
0.9   1.2   55   60   0.986469   0.003684   0.003684 
0.9   1.2   60   120   0.962792   0.004682   0.004682 
1.2   1.6   10   15   0.924835   0.037564   0.037564 
1.2   1.6   15   20   0.965019   0.011707   0.011707 
1.2   1.6   20   25   0.961041   0.008075   0.008075 
1.2   1.6   25   30   0.982189   0.004121   0.004121 
1.2   1.6   30   35   0.988196   0.002215   0.002215 
1.2   1.6   35   40   0.989091   0.001464   0.001464 
1.2   1.6   40   45   0.989777   0.000815   0.000815 
1.2   1.6   45   50   0.995143   0.000960   0.000960 
1.2   1.6   50   55   0.991868   0.002699   0.002699 
1.2   1.6   55   60   0.984352   0.004423   0.004423 
1.2   1.6   60   120   0.963807   0.006321   0.006321 
1.6   2.1   10   15   0.986016   0.005722   0.005722 
1.6   2.1   15   20   0.941413   0.008681   0.008681 
1.6   2.1   20   25   0.961829   0.004048   0.004048 
1.6   2.1   25   30   0.967464   0.002695   0.002695 
1.6   2.1   30   35   0.984518   0.001438   0.001438 
1.6   2.1   35   40   0.990839   0.000905   0.000905 
1.6   2.1   40   45   0.989008   0.000352   0.000352 
1.6   2.1   45   50   0.990260   0.000790   0.000790 
1.6   2.1   50   55   0.986500   0.001586   0.001586 
1.6   2.1   55   60   0.987410   0.003377   0.003377 
1.6   2.1   60   120   0.980568   0.003595   0.003595 
2.1   2.4   10   15   0.896897   0.020421   0.020421 
2.1   2.4   15   20   0.907608   0.011847   0.011847 
2.1   2.4   20   25   0.930083   0.005130   0.005130 
2.1   2.4   25   30   0.941646   0.002879   0.002879 
2.1   2.4   30   35   0.954721   0.002045   0.002045 
2.1   2.4   35   40   0.965289   0.001442   0.001442 
2.1   2.4   40   45   0.968231   0.001251   0.001251 
2.1   2.4   45   50   0.970520   0.001588   0.001588 
2.1   2.4   50   55   0.971355   0.002955   0.002955 
2.1   2.4   55   60   0.961857   0.005510   0.005510 
2.1   2.4   60   120   0.955245   0.006253   0.006253 
