-2.4   -2.1   10   15   0.851004   0.037256   0.037256 
-2.4   -2.1   15   20   0.879488   0.028349   0.028349 
-2.4   -2.1   20   25   0.905161   0.030999   0.030999 
-2.4   -2.1   25   30   0.932699   0.004636   0.004636 
-2.4   -2.1   30   35   0.939964   0.008263   0.008263 
-2.4   -2.1   35   40   0.946231   0.012291   0.012291 
-2.4   -2.1   40   45   0.950052   0.007866   0.007866 
-2.4   -2.1   45   50   0.947620   0.004067   0.004067 
-2.4   -2.1   50   55   0.939763   0.014219   0.014219 
-2.4   -2.1   55   60   0.944295   0.016760   0.016760 
-2.4   -2.1   60   120   0.927144   0.026449   0.026449 
-2.1   -1.6   10   15   0.917360   0.042425   0.042425 
-2.1   -1.6   15   20   0.952304   0.016478   0.016478 
-2.1   -1.6   20   25   0.957412   0.009127   0.009127 
-2.1   -1.6   25   30   0.963132   0.004063   0.004063 
-2.1   -1.6   30   35   0.970971   0.006911   0.006911 
-2.1   -1.6   35   40   0.975506   0.003375   0.003375 
-2.1   -1.6   40   45   0.977322   0.002483   0.002483 
-2.1   -1.6   45   50   0.980102   0.002656   0.002656 
-2.1   -1.6   50   55   0.978420   0.004929   0.004929 
-2.1   -1.6   55   60   0.976388   0.010418   0.010418 
-2.1   -1.6   60   120   0.979963   0.005106   0.005106 
-1.6   -1.2   10   15   0.911158   0.032330   0.032330 
-1.6   -1.2   15   20   0.956798   0.018312   0.018312 
-1.6   -1.2   20   25   0.975140   0.025204   0.025204 
-1.6   -1.2   25   30   0.967269   0.011091   0.011091 
-1.6   -1.2   30   35   0.977534   0.007781   0.007781 
-1.6   -1.2   35   40   0.982607   0.003615   0.003615 
-1.6   -1.2   40   45   0.984908   0.001659   0.001659 
-1.6   -1.2   45   50   0.986750   0.002603   0.002603 
-1.6   -1.2   50   55   0.982903   0.003629   0.003629 
-1.6   -1.2   55   60   0.986241   0.005855   0.005855 
-1.6   -1.2   60   120   0.975523   0.005976   0.005976 
-1.2   -0.9   10   15   0.835824   0.071128   0.071128 
-1.2   -0.9   15   20   0.955450   0.041497   0.041497 
-1.2   -0.9   20   25   0.960632   0.019535   0.019535 
-1.2   -0.9   25   30   0.962202   0.015889   0.015889 
-1.2   -0.9   30   35   0.973866   0.004611   0.004611 
-1.2   -0.9   35   40   0.982576   0.004775   0.004775 
-1.2   -0.9   40   45   0.981699   0.002904   0.002904 
-1.2   -0.9   45   50   0.985319   0.002035   0.002035 
-1.2   -0.9   50   55   0.984564   0.004335   0.004335 
-1.2   -0.9   55   60   0.976737   0.010283   0.010283 
-1.2   -0.9   60   120   0.961193   0.024071   0.024071 
-0.9   -0.3   10   15   0.935213   0.271976   0.271976 
-0.9   -0.3   15   20   0.994669   0.086322   0.086322 
-0.9   -0.3   20   25   0.977315   0.041788   0.041788 
-0.9   -0.3   25   30   0.968528   0.016264   0.016264 
-0.9   -0.3   30   35   0.979828   0.006922   0.006922 
-0.9   -0.3   35   40   0.985222   0.005021   0.005021 
-0.9   -0.3   40   45   0.986627   0.004197   0.004197 
-0.9   -0.3   45   50   0.988180   0.002779   0.002779 
-0.9   -0.3   50   55   0.990520   0.004012   0.004012 
-0.9   -0.3   55   60   0.981766   0.014341   0.014341 
-0.9   -0.3   60   120   0.970094   0.033408   0.033408 
-0.3   -0.2   10   15   1.357572   0.844606   0.844606 
-0.3   -0.2   15   20   0.988794   0.105229   0.105229 
-0.3   -0.2   20   25   0.947709   0.030224   0.030224 
-0.3   -0.2   25   30   0.947529   0.030146   0.030146 
-0.3   -0.2   30   35   0.965212   0.005473   0.005473 
-0.3   -0.2   35   40   0.966530   0.008315   0.008315 
-0.3   -0.2   40   45   0.969616   0.006958   0.006958 
-0.3   -0.2   45   50   0.968234   0.007981   0.007981 
-0.3   -0.2   50   55   0.978100   0.015031   0.015031 
-0.3   -0.2   55   60   0.973073   0.014972   0.014972 
-0.3   -0.2   60   120   0.935874   0.019299   0.019299 
-0.2   0.2   10   15   1.217513   0.422215   0.422215 
-0.2   0.2   15   20   0.972244   0.070560   0.070560 
-0.2   0.2   20   25   0.955211   0.034039   0.034039 
-0.2   0.2   25   30   0.963126   0.005848   0.005848 
-0.2   0.2   30   35   0.974789   0.009828   0.009828 
-0.2   0.2   35   40   0.981435   0.006557   0.006557 
-0.2   0.2   40   45   0.983044   0.004023   0.004023 
-0.2   0.2   45   50   0.984616   0.003771   0.003771 
-0.2   0.2   50   55   0.983841   0.006164   0.006164 
-0.2   0.2   55   60   0.987044   0.011795   0.011795 
-0.2   0.2   60   120   0.967756   0.011107   0.011107 
0.2   0.3   10   15   0.995973   0.246660   0.246660 
0.2   0.3   15   20   1.002901   0.101340   0.101340 
0.2   0.3   20   25   0.959468   0.033237   0.033237 
0.2   0.3   25   30   0.970021   0.014143   0.014143 
0.2   0.3   30   35   0.958581   0.014469   0.014469 
0.2   0.3   35   40   0.974760   0.005271   0.005271 
0.2   0.3   40   45   0.975577   0.005752   0.005752 
0.2   0.3   45   50   0.975100   0.005786   0.005786 
0.2   0.3   50   55   0.974713   0.009884   0.009884 
0.2   0.3   55   60   0.980359   0.014869   0.014869 
0.2   0.3   60   120   0.983078   0.039600   0.039600 
0.3   0.9   10   15   0.855104   0.086573   0.086573 
0.3   0.9   15   20   0.972325   0.066110   0.066110 
0.3   0.9   20   25   0.964499   0.026610   0.026610 
0.3   0.9   25   30   0.986114   0.009105   0.009105 
0.3   0.9   30   35   0.984756   0.003995   0.003995 
0.3   0.9   35   40   0.990413   0.005543   0.005543 
0.3   0.9   40   45   0.989535   0.002302   0.002302 
0.3   0.9   45   50   0.991381   0.003362   0.003362 
0.3   0.9   50   55   0.992465   0.005226   0.005226 
0.3   0.9   55   60   0.981722   0.009087   0.009087 
0.3   0.9   60   120   0.975564   0.034518   0.034518 
0.9   1.2   10   15   0.796643   0.026748   0.026748 
0.9   1.2   15   20   0.995745   0.046286   0.046286 
0.9   1.2   20   25   0.966807   0.026850   0.026850 
0.9   1.2   25   30   0.969325   0.010949   0.010949 
0.9   1.2   30   35   0.982454   0.004525   0.004525 
0.9   1.2   35   40   0.979791   0.004677   0.004677 
0.9   1.2   40   45   0.982088   0.002910   0.002910 
0.9   1.2   45   50   0.985469   0.004960   0.004960 
0.9   1.2   50   55   0.986130   0.006610   0.006610 
0.9   1.2   55   60   0.983331   0.007042   0.007042 
0.9   1.2   60   120   0.959806   0.015490   0.015490 
1.2   1.6   10   15   0.861817   0.060861   0.060861 
1.2   1.6   15   20   0.931525   0.036800   0.036800 
1.2   1.6   20   25   0.953401   0.049936   0.049936 
1.2   1.6   25   30   0.976534   0.018325   0.018325 
1.2   1.6   30   35   0.978693   0.003845   0.003845 
1.2   1.6   35   40   0.982842   0.003655   0.003655 
1.2   1.6   40   45   0.983106   0.002500   0.002500 
1.2   1.6   45   50   0.987734   0.002707   0.002707 
1.2   1.6   50   55   0.985226   0.004536   0.004536 
1.2   1.6   55   60   0.975206   0.011490   0.011490 
1.2   1.6   60   120   0.951681   0.039913   0.039913 
1.6   2.1   10   15   0.951397   0.022963   0.022963 
1.6   2.1   15   20   0.925540   0.017061   0.017061 
1.6   2.1   20   25   0.951575   0.018950   0.018950 
1.6   2.1   25   30   0.962828   0.010633   0.010633 
1.6   2.1   30   35   0.976239   0.005282   0.005282 
1.6   2.1   35   40   0.981565   0.001532   0.001532 
1.6   2.1   40   45   0.980299   0.001896   0.001896 
1.6   2.1   45   50   0.981842   0.001748   0.001748 
1.6   2.1   50   55   0.980900   0.004619   0.004619 
1.6   2.1   55   60   0.978586   0.009109   0.009109 
1.6   2.1   60   120   0.972235   0.009761   0.009761 
2.1   2.4   10   15   0.858019   0.052784   0.052784 
2.1   2.4   15   20   0.884092   0.021133   0.021133 
2.1   2.4   20   25   0.908898   0.026967   0.026967 
2.1   2.4   25   30   0.918899   0.012148   0.012148 
2.1   2.4   30   35   0.932504   0.010311   0.010311 
2.1   2.4   35   40   0.942927   0.003753   0.003753 
2.1   2.4   40   45   0.944987   0.003197   0.003197 
2.1   2.4   45   50   0.948091   0.004226   0.004226 
2.1   2.4   50   55   0.952674   0.005791   0.005791 
2.1   2.4   55   60   0.938605   0.014174   0.014174 
2.1   2.4   60   120   0.928507   0.038246   0.038246 
