-2.5   -2.4   10   15   0.000000   0.270444   0.270444 
-2.5   -2.4   15   20   0.000000   0.045963   0.045963 
-2.5   -2.4   20   25   0.000000   0.051146   0.051146 
-2.5   -2.4   25   30   0.000000   0.030030   0.030030 
-2.5   -2.4   30   35   0.000000   0.019819   0.019819 
-2.5   -2.4   35   40   0.000000   0.020165   0.020165 
-2.5   -2.4   40   42   0.000000   0.011795   0.011795 
-2.5   -2.4   42   44   0.000000   0.041462   0.041462 
-2.5   -2.4   44   46   0.000000   0.027915   0.027915 
-2.5   -2.4   46   48   0.000000   0.038346   0.038346 
-2.5   -2.4   48   50   0.000000   0.022741   0.022741 
-2.5   -2.4   50   55   0.000000   0.042128   0.042128 
-2.5   -2.4   55   60   0.000000   0.030966   0.030966 
-2.5   -2.4   60   70   0.000000   0.056391   0.056391 
-2.5   -2.4   70   100   0.000000   0.044741   0.044741 
-2.5   -2.4   100   1000   0.000000   0.110491   0.110491 
-2.4   -2.3   10   15   1.000130   0.147183   0.147183 
-2.4   -2.3   15   20   0.884005   0.093857   0.093857 
-2.4   -2.3   20   25   0.980749   0.048544   0.048544 
-2.4   -2.3   25   30   0.985548   0.024527   0.024527 
-2.4   -2.3   30   35   1.034805   0.019560   0.019560 
-2.4   -2.3   35   40   1.039891   0.009041   0.009041 
-2.4   -2.3   40   42   1.078354   0.012411   0.012411 
-2.4   -2.3   42   44   1.078010   0.015381   0.015381 
-2.4   -2.3   44   46   1.102857   0.020012   0.020012 
-2.4   -2.3   46   48   1.085675   0.019732   0.019732 
-2.4   -2.3   48   50   1.087806   0.026261   0.026261 
-2.4   -2.3   50   55   1.097680   0.028490   0.028490 
-2.4   -2.3   55   60   1.112016   0.029283   0.029283 
-2.4   -2.3   60   70   1.140716   0.066867   0.066867 
-2.4   -2.3   70   100   1.173187   0.052339   0.052339 
-2.4   -2.3   100   1000   1.177315   0.045769   0.045769 
-2.3   -2.2   10   15   0.858362   0.120504   0.120504 
-2.3   -2.2   15   20   0.801214   0.040763   0.040763 
-2.3   -2.2   20   25   0.904658   0.032373   0.032373 
-2.3   -2.2   25   30   0.894638   0.029534   0.029534 
-2.3   -2.2   30   35   0.962196   0.012949   0.012949 
-2.3   -2.2   35   40   0.987730   0.007514   0.007514 
-2.3   -2.2   40   42   0.980014   0.008375   0.008375 
-2.3   -2.2   42   44   1.000234   0.010283   0.010283 
-2.3   -2.2   44   46   1.002152   0.010053   0.010053 
-2.3   -2.2   46   48   1.009822   0.015794   0.015794 
-2.3   -2.2   48   50   1.023434   0.019541   0.019541 
-2.3   -2.2   50   55   1.032973   0.020036   0.020036 
-2.3   -2.2   55   60   1.030099   0.025573   0.025573 
-2.3   -2.2   60   70   1.005053   0.048356   0.048356 
-2.3   -2.2   70   100   1.022086   0.029606   0.029606 
-2.3   -2.2   100   1000   1.052266   0.119567   0.119567 
-2.2   -2.1   10   15   0.672838   0.093418   0.093418 
-2.2   -2.1   15   20   0.771290   0.029966   0.029966 
-2.2   -2.1   20   25   0.816023   0.021917   0.021917 
-2.2   -2.1   25   30   0.865691   0.023422   0.023422 
-2.2   -2.1   30   35   0.886104   0.012771   0.012771 
-2.2   -2.1   35   40   0.913093   0.014389   0.014389 
-2.2   -2.1   40   42   0.926946   0.009150   0.009150 
-2.2   -2.1   42   44   0.943086   0.019819   0.019819 
-2.2   -2.1   44   46   0.949195   0.008252   0.008252 
-2.2   -2.1   46   48   0.961722   0.016849   0.016849 
-2.2   -2.1   48   50   0.967287   0.031246   0.031246 
-2.2   -2.1   50   55   0.983574   0.014294   0.014294 
-2.2   -2.1   55   60   0.945817   0.023636   0.023636 
-2.2   -2.1   60   70   0.977357   0.030254   0.030254 
-2.2   -2.1   70   100   0.987026   0.027733   0.027733 
-2.2   -2.1   100   1000   1.036898   0.079139   0.079139 
-2.1   -2.0   10   15   0.673719   0.076419   0.076419 
-2.1   -2.0   15   20   0.706246   0.028117   0.028117 
-2.1   -2.0   20   25   0.815609   0.029856   0.029856 
-2.1   -2.0   25   30   0.849946   0.019474   0.019474 
-2.1   -2.0   30   35   0.912164   0.016678   0.016678 
-2.1   -2.0   35   40   0.918996   0.010820   0.010820 
-2.1   -2.0   40   42   0.914203   0.010475   0.010475 
-2.1   -2.0   42   44   0.937384   0.006539   0.006539 
-2.1   -2.0   44   46   0.953398   0.008629   0.008629 
-2.1   -2.0   46   48   0.941178   0.027318   0.027318 
-2.1   -2.0   48   50   0.947767   0.016824   0.016824 
-2.1   -2.0   50   55   0.937141   0.021461   0.021461 
-2.1   -2.0   55   60   0.936533   0.025252   0.025252 
-2.1   -2.0   60   70   0.936024   0.038442   0.038442 
-2.1   -2.0   70   100   0.972939   0.018896   0.018896 
-2.1   -2.0   100   1000   0.949809   0.058831   0.058831 
-2.0   -1.8   10   15   0.634984   0.064877   0.064877 
-2.0   -1.8   15   20   0.744228   0.030063   0.030063 
-2.0   -1.8   20   25   0.815435   0.023534   0.023534 
-2.0   -1.8   25   30   0.887115   0.014522   0.014522 
-2.0   -1.8   30   35   0.918241   0.011484   0.011484 
-2.0   -1.8   35   40   0.929911   0.009595   0.009595 
-2.0   -1.8   40   42   0.950808   0.009554   0.009554 
-2.0   -1.8   42   44   0.957877   0.008408   0.008408 
-2.0   -1.8   44   46   0.965510   0.013584   0.013584 
-2.0   -1.8   46   48   0.965002   0.005293   0.005293 
-2.0   -1.8   48   50   0.966178   0.008689   0.008689 
-2.0   -1.8   50   55   0.955674   0.010728   0.010728 
-2.0   -1.8   55   60   0.972316   0.009205   0.009205 
-2.0   -1.8   60   70   0.969006   0.015377   0.015377 
-2.0   -1.8   70   100   0.959482   0.027922   0.027922 
-2.0   -1.8   100   1000   0.989966   0.017960   0.017960 
-1.8   -1.6   10   15   0.665525   0.055006   0.055006 
-1.8   -1.6   15   20   0.784259   0.035283   0.035283 
-1.8   -1.6   20   25   0.851583   0.034609   0.034609 
-1.8   -1.6   25   30   0.885030   0.016456   0.016456 
-1.8   -1.6   30   35   0.913176   0.019670   0.019670 
-1.8   -1.6   35   40   0.938817   0.006497   0.006497 
-1.8   -1.6   40   42   0.953223   0.007719   0.007719 
-1.8   -1.6   42   44   0.949567   0.007631   0.007631 
-1.8   -1.6   44   46   0.963211   0.004977   0.004977 
-1.8   -1.6   46   48   0.963197   0.008985   0.008985 
-1.8   -1.6   48   50   0.960714   0.005615   0.005615 
-1.8   -1.6   50   55   0.967074   0.008946   0.008946 
-1.8   -1.6   55   60   0.963055   0.015600   0.015600 
-1.8   -1.6   60   70   0.977188   0.014809   0.014809 
-1.8   -1.6   70   100   0.955536   0.026549   0.026549 
-1.8   -1.6   100   1000   0.966224   0.013440   0.013440 
-1.6   -1.4   10   15   0.848598   0.143639   0.143639 
-1.6   -1.4   15   20   0.920145   0.086816   0.086816 
-1.6   -1.4   20   25   0.921197   0.059171   0.059171 
-1.6   -1.4   25   30   0.957093   0.063701   0.063701 
-1.6   -1.4   30   35   0.972195   0.046958   0.046958 
-1.6   -1.4   35   40   0.964046   0.023679   0.023679 
-1.6   -1.4   40   42   0.950174   0.025395   0.025395 
-1.6   -1.4   42   44   0.963741   0.012159   0.012159 
-1.6   -1.4   44   46   0.963449   0.014160   0.014160 
-1.6   -1.4   46   48   0.925251   0.010246   0.010246 
-1.6   -1.4   48   50   0.927062   0.027046   0.027046 
-1.6   -1.4   50   55   0.934715   0.033182   0.033182 
-1.6   -1.4   55   60   0.956374   0.091854   0.091854 
-1.6   -1.4   60   70   0.920384   0.039634   0.039634 
-1.6   -1.4   70   100   0.963692   0.057957   0.057957 
-1.6   -1.4   100   1000   0.937140   0.074503   0.074503 
-1.4   -1.2   10   15   1.008659   0.262846   0.262846 
-1.4   -1.2   15   20   0.888084   0.035960   0.035960 
-1.4   -1.2   20   25   0.929881   0.020161   0.020161 
-1.4   -1.2   25   30   0.930213   0.013957   0.013957 
-1.4   -1.2   30   35   0.941695   0.009248   0.009248 
-1.4   -1.2   35   40   0.952350   0.005558   0.005558 
-1.4   -1.2   40   42   0.954343   0.004973   0.004973 
-1.4   -1.2   42   44   0.960729   0.004220   0.004220 
-1.4   -1.2   44   46   0.963649   0.006225   0.006225 
-1.4   -1.2   46   48   0.966553   0.004889   0.004889 
-1.4   -1.2   48   50   0.965092   0.003127   0.003127 
-1.4   -1.2   50   55   0.962994   0.006771   0.006771 
-1.4   -1.2   55   60   0.970074   0.007821   0.007821 
-1.4   -1.2   60   70   0.968965   0.014762   0.014762 
-1.4   -1.2   70   100   0.964527   0.013836   0.013836 
-1.4   -1.2   100   1000   0.979724   0.015594   0.015594 
-1.2   -1.0   10   15   0.868373   0.100540   0.100540 
-1.2   -1.0   15   20   0.904915   0.026881   0.026881 
-1.2   -1.0   20   25   0.906336   0.038639   0.038639 
-1.2   -1.0   25   30   0.911195   0.016530   0.016530 
-1.2   -1.0   30   35   0.941269   0.012437   0.012437 
-1.2   -1.0   35   40   0.941536   0.006373   0.006373 
-1.2   -1.0   40   42   0.943994   0.004347   0.004347 
-1.2   -1.0   42   44   0.949262   0.004266   0.004266 
-1.2   -1.0   44   46   0.948865   0.004278   0.004278 
-1.2   -1.0   46   48   0.946547   0.005098   0.005098 
-1.2   -1.0   48   50   0.949529   0.004565   0.004565 
-1.2   -1.0   50   55   0.952229   0.007271   0.007271 
-1.2   -1.0   55   60   0.951762   0.008130   0.008130 
-1.2   -1.0   60   70   0.944963   0.009746   0.009746 
-1.2   -1.0   70   100   0.942852   0.017133   0.017133 
-1.2   -1.0   100   1000   0.933489   0.016125   0.016125 
-1.0   -0.8   10   15   0.849134   0.105471   0.105471 
-1.0   -0.8   15   20   0.905108   0.026614   0.026614 
-1.0   -0.8   20   25   0.904200   0.021835   0.021835 
-1.0   -0.8   25   30   0.934967   0.014150   0.014150 
-1.0   -0.8   30   35   0.940780   0.008740   0.008740 
-1.0   -0.8   35   40   0.947608   0.017688   0.017688 
-1.0   -0.8   40   42   0.944268   0.004077   0.004077 
-1.0   -0.8   42   44   0.950213   0.003822   0.003822 
-1.0   -0.8   44   46   0.949260   0.004103   0.004103 
-1.0   -0.8   46   48   0.955915   0.003258   0.003258 
-1.0   -0.8   48   50   0.956439   0.007278   0.007278 
-1.0   -0.8   50   55   0.959437   0.008269   0.008269 
-1.0   -0.8   55   60   0.948248   0.017186   0.017186 
-1.0   -0.8   60   70   0.954849   0.012142   0.012142 
-1.0   -0.8   70   100   0.966651   0.012804   0.012804 
-1.0   -0.8   100   1000   0.980230   0.019438   0.019438 
-0.8   -0.6   10   15   0.764463   0.033710   0.033710 
-0.8   -0.6   15   20   0.873329   0.031495   0.031495 
-0.8   -0.6   20   25   0.883296   0.033836   0.033836 
-0.8   -0.6   25   30   0.914337   0.012051   0.012051 
-0.8   -0.6   30   35   0.938252   0.010529   0.010529 
-0.8   -0.6   35   40   0.941202   0.002988   0.002988 
-0.8   -0.6   40   42   0.941607   0.007092   0.007092 
-0.8   -0.6   42   44   0.947297   0.004474   0.004474 
-0.8   -0.6   44   46   0.949050   0.008594   0.008594 
-0.8   -0.6   46   48   0.945433   0.003643   0.003643 
-0.8   -0.6   48   50   0.946739   0.005601   0.005601 
-0.8   -0.6   50   55   0.944195   0.006370   0.006370 
-0.8   -0.6   55   60   0.946126   0.011023   0.011023 
-0.8   -0.6   60   70   0.944148   0.010288   0.010288 
-0.8   -0.6   70   100   0.942345   0.008302   0.008302 
-0.8   -0.6   100   1000   0.955435   0.011738   0.011738 
-0.6   -0.4   10   15   0.739745   0.043293   0.043293 
-0.6   -0.4   15   20   0.826310   0.028293   0.028293 
-0.6   -0.4   20   25   0.895750   0.015551   0.015551 
-0.6   -0.4   25   30   0.926360   0.021469   0.021469 
-0.6   -0.4   30   35   0.940042   0.007892   0.007892 
-0.6   -0.4   35   40   0.944078   0.003541   0.003541 
-0.6   -0.4   40   42   0.942900   0.004490   0.004490 
-0.6   -0.4   42   44   0.950702   0.009412   0.009412 
-0.6   -0.4   44   46   0.949251   0.004059   0.004059 
-0.6   -0.4   46   48   0.947900   0.005840   0.005840 
-0.6   -0.4   48   50   0.954442   0.004224   0.004224 
-0.6   -0.4   50   55   0.952752   0.006484   0.006484 
-0.6   -0.4   55   60   0.958372   0.007552   0.007552 
-0.6   -0.4   60   70   0.955535   0.010549   0.010549 
-0.6   -0.4   70   100   0.959735   0.011293   0.011293 
-0.6   -0.4   100   1000   0.985942   0.011230   0.011230 
-0.4   -0.2   10   15   0.737786   0.058002   0.058002 
-0.4   -0.2   15   20   0.842446   0.031038   0.031038 
-0.4   -0.2   20   25   0.893781   0.012002   0.012002 
-0.4   -0.2   25   30   0.924747   0.008481   0.008481 
-0.4   -0.2   30   35   0.931268   0.007832   0.007832 
-0.4   -0.2   35   40   0.941838   0.005022   0.005022 
-0.4   -0.2   40   42   0.944278   0.004030   0.004030 
-0.4   -0.2   42   44   0.946710   0.002771   0.002771 
-0.4   -0.2   44   46   0.955084   0.003791   0.003791 
-0.4   -0.2   46   48   0.947744   0.004998   0.004998 
-0.4   -0.2   48   50   0.942795   0.004305   0.004305 
-0.4   -0.2   50   55   0.952496   0.007016   0.007016 
-0.4   -0.2   55   60   0.959404   0.010123   0.010123 
-0.4   -0.2   60   70   0.946878   0.009855   0.009855 
-0.4   -0.2   70   100   0.953913   0.019760   0.019760 
-0.4   -0.2   100   1000   0.957904   0.011568   0.011568 
-0.2   0.0   10   15   0.644567   0.094469   0.094469 
-0.2   0.0   15   20   0.834274   0.020573   0.020573 
-0.2   0.0   20   25   0.877123   0.011512   0.011512 
-0.2   0.0   25   30   0.912297   0.007110   0.007110 
-0.2   0.0   30   35   0.919734   0.008124   0.008124 
-0.2   0.0   35   40   0.935387   0.002282   0.002282 
-0.2   0.0   40   42   0.945976   0.003022   0.003022 
-0.2   0.0   42   44   0.937446   0.005503   0.005503 
-0.2   0.0   44   46   0.942932   0.004162   0.004162 
-0.2   0.0   46   48   0.946240   0.004648   0.004648 
-0.2   0.0   48   50   0.945178   0.006012   0.006012 
-0.2   0.0   50   55   0.940300   0.010754   0.010754 
-0.2   0.0   55   60   0.945400   0.008417   0.008417 
-0.2   0.0   60   70   0.943375   0.009732   0.009732 
-0.2   0.0   70   100   0.960557   0.014093   0.014093 
-0.2   0.0   100   1000   0.949530   0.013453   0.013453 
0.0   0.2   10   15   0.726921   0.055768   0.055768 
0.0   0.2   15   20   0.848858   0.036157   0.036157 
0.0   0.2   20   25   0.907260   0.012140   0.012140 
0.0   0.2   25   30   0.922401   0.011308   0.011308 
0.0   0.2   30   35   0.939972   0.005019   0.005019 
0.0   0.2   35   40   0.946670   0.002284   0.002284 
0.0   0.2   40   42   0.948298   0.004254   0.004254 
0.0   0.2   42   44   0.950947   0.010826   0.010826 
0.0   0.2   44   46   0.947005   0.002680   0.002680 
0.0   0.2   46   48   0.956549   0.007004   0.007004 
0.0   0.2   48   50   0.955563   0.004972   0.004972 
0.0   0.2   50   55   0.952850   0.004278   0.004278 
0.0   0.2   55   60   0.971817   0.013266   0.013266 
0.0   0.2   60   70   0.954001   0.023742   0.023742 
0.0   0.2   70   100   0.961694   0.008584   0.008584 
0.0   0.2   100   1000   0.966749   0.018725   0.018725 
0.2   0.4   10   15   0.779473   0.101367   0.101367 
0.2   0.4   15   20   0.840745   0.031013   0.031013 
0.2   0.4   20   25   0.910878   0.037768   0.037768 
0.2   0.4   25   30   0.949977   0.006900   0.006900 
0.2   0.4   30   35   0.961024   0.014963   0.014963 
0.2   0.4   35   40   0.968900   0.003253   0.003253 
0.2   0.4   40   42   0.976800   0.003309   0.003309 
0.2   0.4   42   44   0.982823   0.003318   0.003318 
0.2   0.4   44   46   0.976731   0.007350   0.007350 
0.2   0.4   46   48   0.981469   0.008137   0.008137 
0.2   0.4   48   50   0.977333   0.007720   0.007720 
0.2   0.4   50   55   0.977497   0.006312   0.006312 
0.2   0.4   55   60   0.977474   0.005020   0.005020 
0.2   0.4   60   70   0.971571   0.011001   0.011001 
0.2   0.4   70   100   0.991630   0.016727   0.016727 
0.2   0.4   100   1000   0.993316   0.015429   0.015429 
0.4   0.6   10   15   0.790601   0.036920   0.036920 
0.4   0.6   15   20   0.865651   0.036434   0.036434 
0.4   0.6   20   25   0.897845   0.029761   0.029761 
0.4   0.6   25   30   0.954514   0.007120   0.007120 
0.4   0.6   30   35   0.955121   0.009823   0.009823 
0.4   0.6   35   40   0.955327   0.007197   0.007197 
0.4   0.6   40   42   0.962552   0.005690   0.005690 
0.4   0.6   42   44   0.972652   0.004050   0.004050 
0.4   0.6   44   46   0.965587   0.002566   0.002566 
0.4   0.6   46   48   0.976167   0.010160   0.010160 
0.4   0.6   48   50   0.971110   0.004819   0.004819 
0.4   0.6   50   55   0.971469   0.007750   0.007750 
0.4   0.6   55   60   0.976126   0.009443   0.009443 
0.4   0.6   60   70   0.975178   0.011532   0.011532 
0.4   0.6   70   100   0.983224   0.011789   0.011789 
0.4   0.6   100   1000   0.974011   0.028924   0.028924 
0.6   0.8   10   15   0.851109   0.049994   0.049994 
0.6   0.8   15   20   0.906493   0.045907   0.045907 
0.6   0.8   20   25   0.922934   0.013647   0.013647 
0.6   0.8   25   30   0.939334   0.010346   0.010346 
0.6   0.8   30   35   0.951823   0.008003   0.008003 
0.6   0.8   35   40   0.959654   0.003602   0.003602 
0.6   0.8   40   42   0.962588   0.003367   0.003367 
0.6   0.8   42   44   0.964543   0.005118   0.005118 
0.6   0.8   44   46   0.971650   0.004616   0.004616 
0.6   0.8   46   48   0.969696   0.003234   0.003234 
0.6   0.8   48   50   0.967815   0.004136   0.004136 
0.6   0.8   50   55   0.972478   0.009413   0.009413 
0.6   0.8   55   60   0.967346   0.011637   0.011637 
0.6   0.8   60   70   0.965996   0.007312   0.007312 
0.6   0.8   70   100   0.973034   0.012020   0.012020 
0.6   0.8   100   1000   0.983514   0.015813   0.015813 
0.8   1.0   10   15   0.845110   0.063004   0.063004 
0.8   1.0   15   20   0.905071   0.026979   0.026979 
0.8   1.0   20   25   0.925813   0.012367   0.012367 
0.8   1.0   25   30   0.938262   0.017697   0.017697 
0.8   1.0   30   35   0.960108   0.008240   0.008240 
0.8   1.0   35   40   0.968994   0.005972   0.005972 
0.8   1.0   40   42   0.970027   0.005618   0.005618 
0.8   1.0   42   44   0.975266   0.004879   0.004879 
0.8   1.0   44   46   0.977906   0.008591   0.008591 
0.8   1.0   46   48   0.972600   0.004345   0.004345 
0.8   1.0   48   50   0.968821   0.006760   0.006760 
0.8   1.0   50   55   0.965951   0.005239   0.005239 
0.8   1.0   55   60   0.975058   0.015114   0.015114 
0.8   1.0   60   70   0.976822   0.008563   0.008563 
0.8   1.0   70   100   0.975356   0.016069   0.016069 
0.8   1.0   100   1000   0.995630   0.009165   0.009165 
1.0   1.2   10   15   0.849316   0.074588   0.074588 
1.0   1.2   15   20   0.865659   0.049549   0.049549 
1.0   1.2   20   25   0.888548   0.022194   0.022194 
1.0   1.2   25   30   0.924955   0.025197   0.025197 
1.0   1.2   30   35   0.941492   0.013833   0.013833 
1.0   1.2   35   40   0.953681   0.005292   0.005292 
1.0   1.2   40   42   0.957858   0.006608   0.006608 
1.0   1.2   42   44   0.962439   0.004347   0.004347 
1.0   1.2   44   46   0.956052   0.003525   0.003525 
1.0   1.2   46   48   0.959337   0.004165   0.004165 
1.0   1.2   48   50   0.967342   0.008143   0.008143 
1.0   1.2   50   55   0.964976   0.004649   0.004649 
1.0   1.2   55   60   0.970742   0.009466   0.009466 
1.0   1.2   60   70   0.968334   0.013483   0.013483 
1.0   1.2   70   100   0.964851   0.017542   0.017542 
1.0   1.2   100   1000   0.971376   0.017301   0.017301 
1.2   1.4   10   15   0.908803   0.087324   0.087324 
1.2   1.4   15   20   0.888899   0.039988   0.039988 
1.2   1.4   20   25   0.920760   0.019181   0.019181 
1.2   1.4   25   30   0.930994   0.014048   0.014048 
1.2   1.4   30   35   0.934623   0.013821   0.013821 
1.2   1.4   35   40   0.949127   0.004576   0.004576 
1.2   1.4   40   42   0.944917   0.005814   0.005814 
1.2   1.4   42   44   0.945198   0.007736   0.007736 
1.2   1.4   44   46   0.955941   0.004499   0.004499 
1.2   1.4   46   48   0.960857   0.004266   0.004266 
1.2   1.4   48   50   0.961673   0.005936   0.005936 
1.2   1.4   50   55   0.959317   0.006830   0.006830 
1.2   1.4   55   60   0.967287   0.011502   0.011502 
1.2   1.4   60   70   0.963667   0.016587   0.016587 
1.2   1.4   70   100   0.973327   0.014281   0.014281 
1.2   1.4   100   1000   0.969076   0.025329   0.025329 
1.4   1.6   10   15   0.853139   0.084980   0.084980 
1.4   1.6   15   20   0.833164   0.049800   0.049800 
1.4   1.6   20   25   0.888532   0.123591   0.123591 
1.4   1.6   25   30   0.901572   0.044614   0.044614 
1.4   1.6   30   35   0.934122   0.035492   0.035492 
1.4   1.6   35   40   0.951207   0.020030   0.020030 
1.4   1.6   40   42   0.942286   0.013719   0.013719 
1.4   1.6   42   44   0.954408   0.020269   0.020269 
1.4   1.6   44   46   0.931194   0.012180   0.012180 
1.4   1.6   46   48   0.928716   0.011714   0.011714 
1.4   1.6   48   50   0.947906   0.020060   0.020060 
1.4   1.6   50   55   0.935594   0.012308   0.012308 
1.4   1.6   55   60   0.907097   0.086021   0.086021 
1.4   1.6   60   70   0.936274   0.070968   0.070968 
1.4   1.6   70   100   1.009089   0.068345   0.068345 
1.4   1.6   100   1000   0.964831   0.052703   0.052703 
1.6   1.8   10   15   0.682916   0.106966   0.106966 
1.6   1.8   15   20   0.755202   0.048569   0.048569 
1.6   1.8   20   25   0.838822   0.034839   0.034839 
1.6   1.8   25   30   0.868577   0.023697   0.023697 
1.6   1.8   30   35   0.905086   0.012058   0.012058 
1.6   1.8   35   40   0.937948   0.010233   0.010233 
1.6   1.8   40   42   0.946850   0.010717   0.010717 
1.6   1.8   42   44   0.953034   0.006358   0.006358 
1.6   1.8   44   46   0.942502   0.007064   0.007064 
1.6   1.8   46   48   0.958380   0.006962   0.006962 
1.6   1.8   48   50   0.953896   0.013340   0.013340 
1.6   1.8   50   55   0.959222   0.008186   0.008186 
1.6   1.8   55   60   0.946608   0.012201   0.012201 
1.6   1.8   60   70   0.966157   0.015634   0.015634 
1.6   1.8   70   100   0.973455   0.018433   0.018433 
1.6   1.8   100   1000   0.962037   0.021044   0.021044 
1.8   2.0   10   15   0.642532   0.073438   0.073438 
1.8   2.0   15   20   0.773493   0.023971   0.023971 
1.8   2.0   20   25   0.821783   0.024465   0.024465 
1.8   2.0   25   30   0.878605   0.015278   0.015278 
1.8   2.0   30   35   0.910293   0.013737   0.013737 
1.8   2.0   35   40   0.924313   0.010116   0.010116 
1.8   2.0   40   42   0.944201   0.007652   0.007652 
1.8   2.0   42   44   0.947115   0.003762   0.003762 
1.8   2.0   44   46   0.951221   0.010281   0.010281 
1.8   2.0   46   48   0.958364   0.008364   0.008364 
1.8   2.0   48   50   0.945765   0.010497   0.010497 
1.8   2.0   50   55   0.953699   0.012930   0.012930 
1.8   2.0   55   60   0.959383   0.010436   0.010436 
1.8   2.0   60   70   0.972337   0.031004   0.031004 
1.8   2.0   70   100   0.953691   0.018802   0.018802 
1.8   2.0   100   1000   0.962434   0.033069   0.033069 
2.0   2.1   10   15   0.652257   0.081023   0.081023 
2.0   2.1   15   20   0.776937   0.066630   0.066630 
2.0   2.1   20   25   0.822943   0.039076   0.039076 
2.0   2.1   25   30   0.863824   0.015999   0.015999 
2.0   2.1   30   35   0.898355   0.015340   0.015340 
2.0   2.1   35   40   0.916445   0.017548   0.017548 
2.0   2.1   40   42   0.922558   0.023840   0.023840 
2.0   2.1   42   44   0.938519   0.011746   0.011746 
2.0   2.1   44   46   0.952043   0.007767   0.007767 
2.0   2.1   46   48   0.941956   0.011554   0.011554 
2.0   2.1   48   50   0.948185   0.019744   0.019744 
2.0   2.1   50   55   0.962413   0.014322   0.014322 
2.0   2.1   55   60   0.955081   0.021262   0.021262 
2.0   2.1   60   70   0.959093   0.046471   0.046471 
2.0   2.1   70   100   0.977097   0.037058   0.037058 
2.0   2.1   100   1000   1.004214   0.041983   0.041983 
2.1   2.2   10   15   0.764870   0.074819   0.074819 
2.1   2.2   15   20   0.775457   0.040432   0.040432 
2.1   2.2   20   25   0.813478   0.019838   0.019838 
2.1   2.2   25   30   0.847272   0.021773   0.021773 
2.1   2.2   30   35   0.880714   0.011716   0.011716 
2.1   2.2   35   40   0.904623   0.010888   0.010888 
2.1   2.2   40   42   0.903967   0.014788   0.014788 
2.1   2.2   42   44   0.920968   0.007024   0.007024 
2.1   2.2   44   46   0.912831   0.011737   0.011737 
2.1   2.2   46   48   0.943694   0.010806   0.010806 
2.1   2.2   48   50   0.955162   0.023937   0.023937 
2.1   2.2   50   55   0.926354   0.010321   0.010321 
2.1   2.2   55   60   0.970145   0.034907   0.034907 
2.1   2.2   60   70   0.962744   0.034920   0.034920 
2.1   2.2   70   100   0.989669   0.023492   0.023492 
2.1   2.2   100   1000   0.962312   0.050650   0.050650 
2.2   2.3   10   15   0.734814   0.114174   0.114174 
2.2   2.3   15   20   0.786731   0.047360   0.047360 
2.2   2.3   20   25   0.820336   0.030550   0.030550 
2.2   2.3   25   30   0.838516   0.020538   0.020538 
2.2   2.3   30   35   0.874777   0.010337   0.010337 
2.2   2.3   35   40   0.914444   0.011311   0.011311 
2.2   2.3   40   42   0.914404   0.009413   0.009413 
2.2   2.3   42   44   0.911006   0.014647   0.014647 
2.2   2.3   44   46   0.921518   0.018012   0.018012 
2.2   2.3   46   48   0.929131   0.012993   0.012993 
2.2   2.3   48   50   0.945135   0.014504   0.014504 
2.2   2.3   50   55   0.941582   0.016397   0.016397 
2.2   2.3   55   60   0.949099   0.019858   0.019858 
2.2   2.3   60   70   0.956044   0.018876   0.018876 
2.2   2.3   70   100   0.961506   0.024142   0.024142 
2.2   2.3   100   1000   1.000814   0.083000   0.083000 
2.3   2.4   10   15   0.803688   0.095424   0.095424 
2.3   2.4   15   20   0.738074   0.032252   0.032252 
2.3   2.4   20   25   0.799989   0.021986   0.021986 
2.3   2.4   25   30   0.836839   0.026078   0.026078 
2.3   2.4   30   35   0.853668   0.015920   0.015920 
2.3   2.4   35   40   0.896942   0.006781   0.006781 
2.3   2.4   40   42   0.890324   0.010933   0.010933 
2.3   2.4   42   44   0.910380   0.011124   0.011124 
2.3   2.4   44   46   0.928631   0.013251   0.013251 
2.3   2.4   46   48   0.946102   0.019578   0.019578 
2.3   2.4   48   50   0.907055   0.017591   0.017591 
2.3   2.4   50   55   0.943433   0.018627   0.018627 
2.3   2.4   55   60   0.944035   0.033852   0.033852 
2.3   2.4   60   70   0.969695   0.036810   0.036810 
2.3   2.4   70   100   0.951353   0.036224   0.036224 
2.3   2.4   100   1000   1.003270   0.073187   0.073187 
2.4   2.5   10   15   0.000000   0.132435   0.132435 
2.4   2.5   15   20   0.000000   0.055210   0.055210 
2.4   2.5   20   25   0.000000   0.035019   0.035019 
2.4   2.5   25   30   0.000000   0.027177   0.027177 
2.4   2.5   30   35   0.000000   0.030261   0.030261 
2.4   2.5   35   40   0.000000   0.014418   0.014418 
2.4   2.5   40   42   0.000000   0.013620   0.013620 
2.4   2.5   42   44   0.000000   0.016254   0.016254 
2.4   2.5   44   46   0.000000   0.013619   0.013619 
2.4   2.5   46   48   0.000000   0.039680   0.039680 
2.4   2.5   48   50   0.000000   0.012610   0.012610 
2.4   2.5   50   55   0.000000   0.031953   0.031953 
2.4   2.5   55   60   0.000000   0.059841   0.059841 
2.4   2.5   60   70   0.000000   0.071288   0.071288 
2.4   2.5   70   100   0.000000   0.060904   0.060904 
2.4   2.5   100   1000   0.000000   0.070224   0.070224 
