-2.5   -2.4   10   15   0.000000   0.232733   0.232733 
-2.5   -2.4   15   20   0.000000   0.046697   0.046697 
-2.5   -2.4   20   25   0.000000   0.033970   0.033970 
-2.5   -2.4   25   30   0.000000   0.022867   0.022867 
-2.5   -2.4   30   35   0.000000   0.014743   0.014743 
-2.5   -2.4   35   40   0.000000   0.021189   0.021189 
-2.5   -2.4   40   42   0.000000   0.011538   0.011538 
-2.5   -2.4   42   44   0.000000   0.035144   0.035144 
-2.5   -2.4   44   46   0.000000   0.024544   0.024544 
-2.5   -2.4   46   48   0.000000   0.027084   0.027084 
-2.5   -2.4   48   50   0.000000   0.016184   0.016184 
-2.5   -2.4   50   55   0.000000   0.024273   0.024273 
-2.5   -2.4   55   60   0.000000   0.039715   0.039715 
-2.5   -2.4   60   70   0.000000   0.049101   0.049101 
-2.5   -2.4   70   100   0.000000   0.049540   0.049540 
-2.5   -2.4   100   1000   0.000000   0.060770   0.060770 
-2.4   -2.3   10   15   1.097956   0.126654   0.126654 
-2.4   -2.3   15   20   0.961460   0.101618   0.101618 
-2.4   -2.3   20   25   1.019464   0.055352   0.055352 
-2.4   -2.3   25   30   1.023050   0.039184   0.039184 
-2.4   -2.3   30   35   1.048733   0.019371   0.019371 
-2.4   -2.3   35   40   1.073285   0.013949   0.013949 
-2.4   -2.3   40   42   1.087742   0.016574   0.016574 
-2.4   -2.3   42   44   1.091509   0.012725   0.012725 
-2.4   -2.3   44   46   1.106308   0.015374   0.015374 
-2.4   -2.3   46   48   1.098306   0.017597   0.017597 
-2.4   -2.3   48   50   1.085938   0.028668   0.028668 
-2.4   -2.3   50   55   1.141659   0.036150   0.036150 
-2.4   -2.3   55   60   1.081366   0.032644   0.032644 
-2.4   -2.3   60   70   1.135795   0.080228   0.080228 
-2.4   -2.3   70   100   1.134734   0.041567   0.041567 
-2.4   -2.3   100   1000   1.187415   0.042667   0.042667 
-2.3   -2.2   10   15   0.963940   0.067445   0.067445 
-2.3   -2.2   15   20   0.846627   0.048688   0.048688 
-2.3   -2.2   20   25   0.936656   0.038813   0.038813 
-2.3   -2.2   25   30   0.971416   0.021664   0.021664 
-2.3   -2.2   30   35   0.978008   0.021765   0.021765 
-2.3   -2.2   35   40   0.995262   0.008426   0.008426 
-2.3   -2.2   40   42   1.007913   0.009520   0.009520 
-2.3   -2.2   42   44   1.020928   0.007353   0.007353 
-2.3   -2.2   44   46   1.031098   0.012577   0.012577 
-2.3   -2.2   46   48   1.032092   0.016430   0.016430 
-2.3   -2.2   48   50   1.060280   0.020431   0.020431 
-2.3   -2.2   50   55   1.029510   0.022353   0.022353 
-2.3   -2.2   55   60   1.051890   0.025465   0.025465 
-2.3   -2.2   60   70   1.067771   0.042931   0.042931 
-2.3   -2.2   70   100   1.070469   0.036661   0.036661 
-2.3   -2.2   100   1000   1.056961   0.090315   0.090315 
-2.2   -2.1   10   15   0.800276   0.096126   0.096126 
-2.2   -2.1   15   20   0.842460   0.031347   0.031347 
-2.2   -2.1   20   25   0.849286   0.035502   0.035502 
-2.2   -2.1   25   30   0.887351   0.016050   0.016050 
-2.2   -2.1   30   35   0.916481   0.013944   0.013944 
-2.2   -2.1   35   40   0.936372   0.012630   0.012630 
-2.2   -2.1   40   42   0.944417   0.016822   0.016822 
-2.2   -2.1   42   44   0.959756   0.017637   0.017637 
-2.2   -2.1   44   46   0.995644   0.016754   0.016754 
-2.2   -2.1   46   48   0.962440   0.015608   0.015608 
-2.2   -2.1   48   50   0.983157   0.027821   0.027821 
-2.2   -2.1   50   55   0.986353   0.010828   0.010828 
-2.2   -2.1   55   60   0.962344   0.035969   0.035969 
-2.2   -2.1   60   70   0.979878   0.019326   0.019326 
-2.2   -2.1   70   100   1.000769   0.029030   0.029030 
-2.2   -2.1   100   1000   1.046818   0.081715   0.081715 
-2.1   -2.0   10   15   0.788501   0.057475   0.057475 
-2.1   -2.0   15   20   0.828806   0.041703   0.041703 
-2.1   -2.0   20   25   0.880233   0.035661   0.035661 
-2.1   -2.0   25   30   0.892682   0.019890   0.019890 
-2.1   -2.0   30   35   0.934089   0.013585   0.013585 
-2.1   -2.0   35   40   0.945843   0.008634   0.008634 
-2.1   -2.0   40   42   0.940171   0.008235   0.008235 
-2.1   -2.0   42   44   0.959953   0.006647   0.006647 
-2.1   -2.0   44   46   0.970781   0.009958   0.009958 
-2.1   -2.0   46   48   0.959670   0.030606   0.030606 
-2.1   -2.0   48   50   0.959820   0.017781   0.017781 
-2.1   -2.0   50   55   0.967619   0.016388   0.016388 
-2.1   -2.0   55   60   0.958783   0.038359   0.038359 
-2.1   -2.0   60   70   0.964560   0.022440   0.022440 
-2.1   -2.0   70   100   0.969645   0.027333   0.027333 
-2.1   -2.0   100   1000   0.941709   0.029284   0.029284 
-2.0   -1.8   10   15   0.753015   0.056798   0.056798 
-2.0   -1.8   15   20   0.827415   0.023241   0.023241 
-2.0   -1.8   20   25   0.851226   0.021363   0.021363 
-2.0   -1.8   25   30   0.911681   0.012455   0.012455 
-2.0   -1.8   30   35   0.924194   0.010342   0.010342 
-2.0   -1.8   35   40   0.945172   0.005695   0.005695 
-2.0   -1.8   40   42   0.957724   0.009871   0.009871 
-2.0   -1.8   42   44   0.961167   0.005343   0.005343 
-2.0   -1.8   44   46   0.966986   0.010265   0.010265 
-2.0   -1.8   46   48   0.967136   0.005380   0.005380 
-2.0   -1.8   48   50   0.966090   0.009187   0.009187 
-2.0   -1.8   50   55   0.963560   0.007426   0.007426 
-2.0   -1.8   55   60   0.968139   0.010464   0.010464 
-2.0   -1.8   60   70   0.980011   0.015356   0.015356 
-2.0   -1.8   70   100   0.960165   0.024029   0.024029 
-2.0   -1.8   100   1000   0.986123   0.018293   0.018293 
-1.8   -1.6   10   15   0.806594   0.124375   0.124375 
-1.8   -1.6   15   20   0.863690   0.042145   0.042145 
-1.8   -1.6   20   25   0.885507   0.030849   0.030849 
-1.8   -1.6   25   30   0.916925   0.023855   0.023855 
-1.8   -1.6   30   35   0.937564   0.021188   0.021188 
-1.8   -1.6   35   40   0.964337   0.008252   0.008252 
-1.8   -1.6   40   42   0.978399   0.010550   0.010550 
-1.8   -1.6   42   44   0.980142   0.007570   0.007570 
-1.8   -1.6   44   46   0.984626   0.004655   0.004655 
-1.8   -1.6   46   48   0.983215   0.004577   0.004577 
-1.8   -1.6   48   50   0.984725   0.004764   0.004764 
-1.8   -1.6   50   55   0.986451   0.007369   0.007369 
-1.8   -1.6   55   60   0.973786   0.020303   0.020303 
-1.8   -1.6   60   70   0.987383   0.018021   0.018021 
-1.8   -1.6   70   100   0.990058   0.022084   0.022084 
-1.8   -1.6   100   1000   0.977809   0.015908   0.015908 
-1.6   -1.4   10   15   1.018233   0.182300   0.182300 
-1.6   -1.4   15   20   0.909397   0.110359   0.110359 
-1.6   -1.4   20   25   0.979809   0.095837   0.095837 
-1.6   -1.4   25   30   0.973673   0.044503   0.044503 
-1.6   -1.4   30   35   0.994137   0.040363   0.040363 
-1.6   -1.4   35   40   0.992582   0.022528   0.022528 
-1.6   -1.4   40   42   0.971268   0.020132   0.020132 
-1.6   -1.4   42   44   0.977868   0.015425   0.015425 
-1.6   -1.4   44   46   0.960834   0.012324   0.012324 
-1.6   -1.4   46   48   0.955774   0.012206   0.012206 
-1.6   -1.4   48   50   0.939825   0.025882   0.025882 
-1.6   -1.4   50   55   0.953830   0.015831   0.015831 
-1.6   -1.4   55   60   0.962240   0.051922   0.051922 
-1.6   -1.4   60   70   0.924812   0.079426   0.079426 
-1.6   -1.4   70   100   0.999640   0.040033   0.040033 
-1.6   -1.4   100   1000   1.016063   0.070300   0.070300 
-1.4   -1.2   10   15   1.096746   0.182406   0.182406 
-1.4   -1.2   15   20   0.920783   0.025146   0.025146 
-1.4   -1.2   20   25   0.930465   0.032449   0.032449 
-1.4   -1.2   25   30   0.941189   0.016539   0.016539 
-1.4   -1.2   30   35   0.949189   0.008860   0.008860 
-1.4   -1.2   35   40   0.955155   0.004597   0.004597 
-1.4   -1.2   40   42   0.949066   0.006934   0.006934 
-1.4   -1.2   42   44   0.956084   0.006850   0.006850 
-1.4   -1.2   44   46   0.962010   0.005155   0.005155 
-1.4   -1.2   46   48   0.961103   0.003418   0.003418 
-1.4   -1.2   48   50   0.963573   0.004860   0.004860 
-1.4   -1.2   50   55   0.958115   0.005350   0.005350 
-1.4   -1.2   55   60   0.961580   0.010142   0.010142 
-1.4   -1.2   60   70   0.960029   0.016048   0.016048 
-1.4   -1.2   70   100   0.958590   0.019740   0.019740 
-1.4   -1.2   100   1000   0.949721   0.009874   0.009874 
-1.2   -1.0   10   15   0.888984   0.181000   0.181000 
-1.2   -1.0   15   20   0.961132   0.021805   0.021805 
-1.2   -1.0   20   25   0.906351   0.028771   0.028771 
-1.2   -1.0   25   30   0.924425   0.020715   0.020715 
-1.2   -1.0   30   35   0.941485   0.010017   0.010017 
-1.2   -1.0   35   40   0.942570   0.006198   0.006198 
-1.2   -1.0   40   42   0.940287   0.004212   0.004212 
-1.2   -1.0   42   44   0.945836   0.003480   0.003480 
-1.2   -1.0   44   46   0.946819   0.003161   0.003161 
-1.2   -1.0   46   48   0.948163   0.002745   0.002745 
-1.2   -1.0   48   50   0.938220   0.004768   0.004768 
-1.2   -1.0   50   55   0.950191   0.006655   0.006655 
-1.2   -1.0   55   60   0.946719   0.007630   0.007630 
-1.2   -1.0   60   70   0.950111   0.008098   0.008098 
-1.2   -1.0   70   100   0.951866   0.015143   0.015143 
-1.2   -1.0   100   1000   0.926080   0.019438   0.019438 
-1.0   -0.8   10   15   0.943363   0.116865   0.116865 
-1.0   -0.8   15   20   0.938846   0.030815   0.030815 
-1.0   -0.8   20   25   0.925024   0.021908   0.021908 
-1.0   -0.8   25   30   0.925401   0.018150   0.018150 
-1.0   -0.8   30   35   0.935329   0.006943   0.006943 
-1.0   -0.8   35   40   0.942640   0.004788   0.004788 
-1.0   -0.8   40   42   0.945270   0.006508   0.006508 
-1.0   -0.8   42   44   0.948475   0.004418   0.004418 
-1.0   -0.8   44   46   0.944334   0.003827   0.003827 
-1.0   -0.8   46   48   0.948716   0.004094   0.004094 
-1.0   -0.8   48   50   0.949840   0.004415   0.004415 
-1.0   -0.8   50   55   0.952772   0.005793   0.005793 
-1.0   -0.8   55   60   0.947497   0.016873   0.016873 
-1.0   -0.8   60   70   0.955728   0.015808   0.015808 
-1.0   -0.8   70   100   0.963940   0.011837   0.011837 
-1.0   -0.8   100   1000   0.961003   0.022589   0.022589 
-0.8   -0.6   10   15   0.835045   0.046464   0.046464 
-0.8   -0.6   15   20   0.875951   0.027535   0.027535 
-0.8   -0.6   20   25   0.905915   0.026359   0.026359 
-0.8   -0.6   25   30   0.922950   0.014860   0.014860 
-0.8   -0.6   30   35   0.933791   0.007248   0.007248 
-0.8   -0.6   35   40   0.943823   0.004489   0.004489 
-0.8   -0.6   40   42   0.945125   0.004728   0.004728 
-0.8   -0.6   42   44   0.948385   0.005985   0.005985 
-0.8   -0.6   44   46   0.948194   0.009097   0.009097 
-0.8   -0.6   46   48   0.950505   0.003538   0.003538 
-0.8   -0.6   48   50   0.944656   0.008562   0.008562 
-0.8   -0.6   50   55   0.934955   0.005714   0.005714 
-0.8   -0.6   55   60   0.944673   0.010887   0.010887 
-0.8   -0.6   60   70   0.936984   0.012912   0.012912 
-0.8   -0.6   70   100   0.942101   0.011945   0.011945 
-0.8   -0.6   100   1000   0.949940   0.008985   0.008985 
-0.6   -0.4   10   15   0.807654   0.040078   0.040078 
-0.6   -0.4   15   20   0.890092   0.026984   0.026984 
-0.6   -0.4   20   25   0.920469   0.013137   0.013137 
-0.6   -0.4   25   30   0.908067   0.025141   0.025141 
-0.6   -0.4   30   35   0.933077   0.007908   0.007908 
-0.6   -0.4   35   40   0.933758   0.002922   0.002922 
-0.6   -0.4   40   42   0.937875   0.004200   0.004200 
-0.6   -0.4   42   44   0.930756   0.010171   0.010171 
-0.6   -0.4   44   46   0.936645   0.002818   0.002818 
-0.6   -0.4   46   48   0.936023   0.004002   0.004002 
-0.6   -0.4   48   50   0.936881   0.003715   0.003715 
-0.6   -0.4   50   55   0.933930   0.005191   0.005191 
-0.6   -0.4   55   60   0.941595   0.006531   0.006531 
-0.6   -0.4   60   70   0.945865   0.010857   0.010857 
-0.6   -0.4   70   100   0.937418   0.010065   0.010065 
-0.6   -0.4   100   1000   0.951094   0.012895   0.012895 
-0.4   -0.2   10   15   0.841743   0.042430   0.042430 
-0.4   -0.2   15   20   0.862490   0.020026   0.020026 
-0.4   -0.2   20   25   0.907589   0.012841   0.012841 
-0.4   -0.2   25   30   0.906022   0.011725   0.011725 
-0.4   -0.2   30   35   0.925951   0.005458   0.005458 
-0.4   -0.2   35   40   0.923770   0.005860   0.005860 
-0.4   -0.2   40   42   0.930626   0.003248   0.003248 
-0.4   -0.2   42   44   0.932844   0.017223   0.017223 
-0.4   -0.2   44   46   0.932610   0.004256   0.004256 
-0.4   -0.2   46   48   0.933510   0.004629   0.004629 
-0.4   -0.2   48   50   0.930486   0.005518   0.005518 
-0.4   -0.2   50   55   0.934409   0.007499   0.007499 
-0.4   -0.2   55   60   0.937132   0.009663   0.009663 
-0.4   -0.2   60   70   0.932675   0.011704   0.011704 
-0.4   -0.2   70   100   0.929152   0.021396   0.021396 
-0.4   -0.2   100   1000   0.945515   0.009552   0.009552 
-0.2   0.0   10   15   0.771675   0.096645   0.096645 
-0.2   0.0   15   20   0.834339   0.018515   0.018515 
-0.2   0.0   20   25   0.880515   0.010925   0.010925 
-0.2   0.0   25   30   0.887629   0.009313   0.009313 
-0.2   0.0   30   35   0.892944   0.006065   0.006065 
-0.2   0.0   35   40   0.903386   0.001850   0.001850 
-0.2   0.0   40   42   0.907466   0.002527   0.002527 
-0.2   0.0   42   44   0.901877   0.006062   0.006062 
-0.2   0.0   44   46   0.912483   0.004767   0.004767 
-0.2   0.0   46   48   0.913236   0.006030   0.006030 
-0.2   0.0   48   50   0.910564   0.003915   0.003915 
-0.2   0.0   50   55   0.903464   0.009051   0.009051 
-0.2   0.0   55   60   0.900780   0.010514   0.010514 
-0.2   0.0   60   70   0.911055   0.009006   0.009006 
-0.2   0.0   70   100   0.913276   0.007994   0.007994 
-0.2   0.0   100   1000   0.908695   0.022136   0.022136 
0.0   0.2   10   15   0.819067   0.058837   0.058837 
0.0   0.2   15   20   0.836328   0.025754   0.025754 
0.0   0.2   20   25   0.893971   0.014177   0.014177 
0.0   0.2   25   30   0.905424   0.011220   0.011220 
0.0   0.2   30   35   0.912857   0.004555   0.004555 
0.0   0.2   35   40   0.923646   0.002319   0.002319 
0.0   0.2   40   42   0.924858   0.003777   0.003777 
0.0   0.2   42   44   0.927194   0.002863   0.002863 
0.0   0.2   44   46   0.928884   0.003094   0.003094 
0.0   0.2   46   48   0.929436   0.004903   0.004903 
0.0   0.2   48   50   0.927492   0.006068   0.006068 
0.0   0.2   50   55   0.926162   0.004599   0.004599 
0.0   0.2   55   60   0.935416   0.011918   0.011918 
0.0   0.2   60   70   0.927227   0.012018   0.012018 
0.0   0.2   70   100   0.923580   0.007803   0.007803 
0.0   0.2   100   1000   0.937963   0.018924   0.018924 
0.2   0.4   10   15   0.896342   0.118213   0.118213 
0.2   0.4   15   20   0.912694   0.029575   0.029575 
0.2   0.4   20   25   0.936810   0.029587   0.029587 
0.2   0.4   25   30   0.966857   0.017489   0.017489 
0.2   0.4   30   35   0.965101   0.010380   0.010380 
0.2   0.4   35   40   0.973272   0.003865   0.003865 
0.2   0.4   40   42   0.976056   0.003419   0.003419 
0.2   0.4   42   44   0.979643   0.004633   0.004633 
0.2   0.4   44   46   0.974007   0.006635   0.006635 
0.2   0.4   46   48   0.977359   0.007333   0.007333 
0.2   0.4   48   50   0.977937   0.007665   0.007665 
0.2   0.4   50   55   0.975175   0.010392   0.010392 
0.2   0.4   55   60   0.969839   0.005708   0.005708 
0.2   0.4   60   70   0.971528   0.013168   0.013168 
0.2   0.4   70   100   0.982218   0.015474   0.015474 
0.2   0.4   100   1000   1.000996   0.008673   0.008673 
0.4   0.6   10   15   0.909056   0.082526   0.082526 
0.4   0.6   15   20   0.927064   0.039617   0.039617 
0.4   0.6   20   25   0.926508   0.027585   0.027585 
0.4   0.6   25   30   0.948566   0.010652   0.010652 
0.4   0.6   30   35   0.958515   0.008266   0.008266 
0.4   0.6   35   40   0.959711   0.016165   0.016165 
0.4   0.6   40   42   0.962498   0.003515   0.003515 
0.4   0.6   42   44   0.968831   0.003821   0.003821 
0.4   0.6   44   46   0.961500   0.002331   0.002331 
0.4   0.6   46   48   0.967974   0.008766   0.008766 
0.4   0.6   48   50   0.963375   0.006514   0.006514 
0.4   0.6   50   55   0.970622   0.012195   0.012195 
0.4   0.6   55   60   0.965966   0.006055   0.006055 
0.4   0.6   60   70   0.964816   0.009034   0.009034 
0.4   0.6   70   100   0.973674   0.008394   0.008394 
0.4   0.6   100   1000   0.983308   0.019621   0.019621 
0.6   0.8   10   15   0.916388   0.054245   0.054245 
0.6   0.8   15   20   0.943074   0.018313   0.018313 
0.6   0.8   20   25   0.943439   0.016630   0.016630 
0.6   0.8   25   30   0.940251   0.011785   0.011785 
0.6   0.8   30   35   0.956518   0.008683   0.008683 
0.6   0.8   35   40   0.958930   0.002859   0.002859 
0.6   0.8   40   42   0.962506   0.003354   0.003354 
0.6   0.8   42   44   0.961042   0.003724   0.003724 
0.6   0.8   44   46   0.967323   0.004966   0.004966 
0.6   0.8   46   48   0.964251   0.003544   0.003544 
0.6   0.8   48   50   0.959794   0.005388   0.005388 
0.6   0.8   50   55   0.964761   0.006122   0.006122 
0.6   0.8   55   60   0.973560   0.009534   0.009534 
0.6   0.8   60   70   0.966794   0.009350   0.009350 
0.6   0.8   70   100   0.978127   0.014557   0.014557 
0.6   0.8   100   1000   0.963026   0.013360   0.013360 
0.8   1.0   10   15   0.931322   0.069897   0.069897 
0.8   1.0   15   20   0.915652   0.023023   0.023023 
0.8   1.0   20   25   0.961611   0.018337   0.018337 
0.8   1.0   25   30   0.946234   0.018258   0.018258 
0.8   1.0   30   35   0.961791   0.010125   0.010125 
0.8   1.0   35   40   0.968496   0.003596   0.003596 
0.8   1.0   40   42   0.966361   0.005016   0.005016 
0.8   1.0   42   44   0.973365   0.004674   0.004674 
0.8   1.0   44   46   0.973933   0.002971   0.002971 
0.8   1.0   46   48   0.970705   0.004214   0.004214 
0.8   1.0   48   50   0.970479   0.005379   0.005379 
0.8   1.0   50   55   0.970399   0.004841   0.004841 
0.8   1.0   55   60   0.977943   0.012681   0.012681 
0.8   1.0   60   70   0.969345   0.010738   0.010738 
0.8   1.0   70   100   0.976716   0.010047   0.010047 
0.8   1.0   100   1000   0.987002   0.013089   0.013089 
1.0   1.2   10   15   0.982947   0.173442   0.173442 
1.0   1.2   15   20   0.929937   0.077613   0.077613 
1.0   1.2   20   25   0.901364   0.035124   0.035124 
1.0   1.2   25   30   0.932321   0.023350   0.023350 
1.0   1.2   30   35   0.948171   0.011770   0.011770 
1.0   1.2   35   40   0.954765   0.006319   0.006319 
1.0   1.2   40   42   0.963812   0.008673   0.008673 
1.0   1.2   42   44   0.964005   0.005905   0.005905 
1.0   1.2   44   46   0.959114   0.003128   0.003128 
1.0   1.2   46   48   0.961413   0.004079   0.004079 
1.0   1.2   48   50   0.969702   0.008156   0.008156 
1.0   1.2   50   55   0.960908   0.004095   0.004095 
1.0   1.2   55   60   0.964691   0.007099   0.007099 
1.0   1.2   60   70   0.961209   0.007589   0.007589 
1.0   1.2   70   100   0.963137   0.019390   0.019390 
1.0   1.2   100   1000   0.976513   0.017668   0.017668 
1.2   1.4   10   15   1.027902   0.085554   0.085554 
1.2   1.4   15   20   0.909372   0.039870   0.039870 
1.2   1.4   20   25   0.929784   0.018093   0.018093 
1.2   1.4   25   30   0.946321   0.017064   0.017064 
1.2   1.4   30   35   0.943620   0.011768   0.011768 
1.2   1.4   35   40   0.955125   0.006484   0.006484 
1.2   1.4   40   42   0.958349   0.005218   0.005218 
1.2   1.4   42   44   0.951997   0.006680   0.006680 
1.2   1.4   44   46   0.958456   0.002413   0.002413 
1.2   1.4   46   48   0.964187   0.004020   0.004020 
1.2   1.4   48   50   0.960179   0.005379   0.005379 
1.2   1.4   50   55   0.955464   0.003431   0.003431 
1.2   1.4   55   60   0.966058   0.011175   0.011175 
1.2   1.4   60   70   0.961810   0.020165   0.020165 
1.2   1.4   70   100   0.954578   0.014952   0.014952 
1.2   1.4   100   1000   0.961039   0.017318   0.017318 
1.4   1.6   10   15   0.941348   0.146576   0.146576 
1.4   1.6   15   20   0.919562   0.061546   0.061546 
1.4   1.6   20   25   0.912705   0.066752   0.066752 
1.4   1.6   25   30   0.928621   0.042699   0.042699 
1.4   1.6   30   35   0.946768   0.040097   0.040097 
1.4   1.6   35   40   0.966270   0.020208   0.020208 
1.4   1.6   40   42   0.976022   0.011365   0.011365 
1.4   1.6   42   44   0.964873   0.020811   0.020811 
1.4   1.6   44   46   0.961007   0.012749   0.012749 
1.4   1.6   46   48   0.958524   0.013367   0.013367 
1.4   1.6   48   50   0.959121   0.020835   0.020835 
1.4   1.6   50   55   0.958553   0.018262   0.018262 
1.4   1.6   55   60   0.916006   0.074168   0.074168 
1.4   1.6   60   70   0.918628   0.105248   0.105248 
1.4   1.6   70   100   0.995944   0.070662   0.070662 
1.4   1.6   100   1000   0.974041   0.033287   0.033287 
1.6   1.8   10   15   0.862550   0.103442   0.103442 
1.6   1.8   15   20   0.843435   0.037634   0.037634 
1.6   1.8   20   25   0.906463   0.027292   0.027292 
1.6   1.8   25   30   0.923395   0.021787   0.021787 
1.6   1.8   30   35   0.943660   0.011225   0.011225 
1.6   1.8   35   40   0.972614   0.010772   0.010772 
1.6   1.8   40   42   0.980180   0.009800   0.009800 
1.6   1.8   42   44   0.980727   0.007815   0.007815 
1.6   1.8   44   46   0.979218   0.006954   0.006954 
1.6   1.8   46   48   0.985345   0.004571   0.004571 
1.6   1.8   48   50   0.988426   0.013040   0.013040 
1.6   1.8   50   55   0.993716   0.010632   0.010632 
1.6   1.8   55   60   0.993949   0.013624   0.013624 
1.6   1.8   60   70   0.990033   0.019804   0.019804 
1.6   1.8   70   100   0.974396   0.029363   0.029363 
1.6   1.8   100   1000   0.985906   0.016713   0.016713 
1.8   2.0   10   15   0.849369   0.077892   0.077892 
1.8   2.0   15   20   0.883848   0.051474   0.051474 
1.8   2.0   20   25   0.869376   0.019674   0.019674 
1.8   2.0   25   30   0.923030   0.014421   0.014421 
1.8   2.0   30   35   0.941302   0.011542   0.011542 
1.8   2.0   35   40   0.951056   0.009798   0.009798 
1.8   2.0   40   42   0.960147   0.006571   0.006571 
1.8   2.0   42   44   0.968203   0.004376   0.004376 
1.8   2.0   44   46   0.973138   0.012347   0.012347 
1.8   2.0   46   48   0.971644   0.004915   0.004915 
1.8   2.0   48   50   0.976249   0.006287   0.006287 
1.8   2.0   50   55   0.971241   0.007615   0.007615 
1.8   2.0   55   60   0.975676   0.010038   0.010038 
1.8   2.0   60   70   0.994689   0.027337   0.027337 
1.8   2.0   70   100   0.970988   0.022775   0.022775 
1.8   2.0   100   1000   0.980123   0.033236   0.033236 
2.0   2.1   10   15   0.738266   0.087112   0.087112 
2.0   2.1   15   20   0.853233   0.061909   0.061909 
2.0   2.1   20   25   0.844770   0.024941   0.024941 
2.0   2.1   25   30   0.883779   0.020659   0.020659 
2.0   2.1   30   35   0.921003   0.012880   0.012880 
2.0   2.1   35   40   0.944463   0.007988   0.007988 
2.0   2.1   40   42   0.939324   0.017684   0.017684 
2.0   2.1   42   44   0.969868   0.010788   0.010788 
2.0   2.1   44   46   0.961328   0.008239   0.008239 
2.0   2.1   46   48   0.966678   0.008570   0.008570 
2.0   2.1   48   50   0.974791   0.015225   0.015225 
2.0   2.1   50   55   0.978133   0.010950   0.010950 
2.0   2.1   55   60   0.978120   0.014473   0.014473 
2.0   2.1   60   70   0.965457   0.032914   0.032914 
2.0   2.1   70   100   0.967829   0.033809   0.033809 
2.0   2.1   100   1000   0.992991   0.026327   0.026327 
2.1   2.2   10   15   0.864096   0.078016   0.078016 
2.1   2.2   15   20   0.858078   0.058918   0.058918 
2.1   2.2   20   25   0.871328   0.036732   0.036732 
2.1   2.2   25   30   0.899093   0.013982   0.013982 
2.1   2.2   30   35   0.922773   0.013111   0.013111 
2.1   2.2   35   40   0.933184   0.012452   0.012452 
2.1   2.2   40   42   0.940429   0.013415   0.013415 
2.1   2.2   42   44   0.958011   0.009348   0.009348 
2.1   2.2   44   46   0.948205   0.011365   0.011365 
2.1   2.2   46   48   0.963674   0.007860   0.007860 
2.1   2.2   48   50   0.984862   0.028909   0.028909 
2.1   2.2   50   55   0.970169   0.013910   0.013910 
2.1   2.2   55   60   0.979773   0.033058   0.033058 
2.1   2.2   60   70   0.990923   0.028471   0.028471 
2.1   2.2   70   100   0.993929   0.030982   0.030982 
2.1   2.2   100   1000   0.977636   0.064207   0.064207 
2.2   2.3   10   15   0.768034   0.100049   0.100049 
2.2   2.3   15   20   0.867402   0.049922   0.049922 
2.2   2.3   20   25   0.885279   0.044839   0.044839 
2.2   2.3   25   30   0.886108   0.019190   0.019190 
2.2   2.3   30   35   0.908484   0.011920   0.011920 
2.2   2.3   35   40   0.935381   0.005061   0.005061 
2.2   2.3   40   42   0.954392   0.012268   0.012268 
2.2   2.3   42   44   0.964856   0.011517   0.011517 
2.2   2.3   44   46   0.955213   0.012069   0.012069 
2.2   2.3   46   48   0.953962   0.014187   0.014187 
2.2   2.3   48   50   0.966078   0.012734   0.012734 
2.2   2.3   50   55   0.946539   0.018948   0.018948 
2.2   2.3   55   60   0.959638   0.018022   0.018022 
2.2   2.3   60   70   0.965771   0.019899   0.019899 
2.2   2.3   70   100   0.973634   0.024895   0.024895 
2.2   2.3   100   1000   0.965371   0.068073   0.068073 
2.3   2.4   10   15   1.010899   0.062691   0.062691 
2.3   2.4   15   20   0.889583   0.027267   0.027267 
2.3   2.4   20   25   0.887231   0.029139   0.029139 
2.3   2.4   25   30   0.862815   0.012684   0.012684 
2.3   2.4   30   35   0.903377   0.016366   0.016366 
2.3   2.4   35   40   0.925048   0.006900   0.006900 
2.3   2.4   40   42   0.932369   0.012163   0.012163 
2.3   2.4   42   44   0.945084   0.010705   0.010705 
2.3   2.4   44   46   0.961033   0.012776   0.012776 
2.3   2.4   46   48   0.965968   0.018257   0.018257 
2.3   2.4   48   50   0.946585   0.013338   0.013338 
2.3   2.4   50   55   0.965047   0.013796   0.013796 
2.3   2.4   55   60   0.982115   0.023026   0.023026 
2.3   2.4   60   70   0.956925   0.039871   0.039871 
2.3   2.4   70   100   1.009154   0.057200   0.057200 
2.3   2.4   100   1000   1.065276   0.056609   0.056609 
2.4   2.5   10   15   0.000000   0.129019   0.129019 
2.4   2.5   15   20   0.000000   0.062131   0.062131 
2.4   2.5   20   25   0.000000   0.014717   0.014717 
2.4   2.5   25   30   0.000000   0.021911   0.021911 
2.4   2.5   30   35   0.000000   0.021437   0.021437 
2.4   2.5   35   40   0.000000   0.018154   0.018154 
2.4   2.5   40   42   0.000000   0.020521   0.020521 
2.4   2.5   42   44   0.000000   0.022177   0.022177 
2.4   2.5   44   46   0.000000   0.020161   0.020161 
2.4   2.5   46   48   0.000000   0.025088   0.025088 
2.4   2.5   48   50   0.000000   0.018130   0.018130 
2.4   2.5   50   55   0.000000   0.039153   0.039153 
2.4   2.5   55   60   0.000000   0.059640   0.059640 
2.4   2.5   60   70   0.000000   0.044061   0.044061 
2.4   2.5   70   100   0.000000   0.087906   0.087906 
2.4   2.5   100   1000   0.000000   0.111730   0.111730 
