-2.4   -2.1   10   15   0.927818   0.150169   0.150169 
-2.4   -2.1   15   20   0.954707   0.032581   0.032581 
-2.4   -2.1   20   25   0.954616   0.014998   0.014998 
-2.4   -2.1   25   30   0.966029   0.009226   0.009226 
-2.4   -2.1   30   35   0.970231   0.003969   0.003969 
-2.4   -2.1   35   40   0.973062   0.003939   0.003939 
-2.4   -2.1   40   45   0.974107   0.002543   0.002543 
-2.4   -2.1   45   50   0.969623   0.003839   0.003839 
-2.4   -2.1   50   55   0.966163   0.010350   0.010350 
-2.4   -2.1   55   60   0.964897   0.026932   0.026932 
-2.4   -2.1   60   120   0.942985   0.035387   0.035387 
-2.1   -1.6   10   15   0.994264   0.035987   0.035987 
-2.1   -1.6   15   20   0.983672   0.016155   0.016155 
-2.1   -1.6   20   25   0.966067   0.013451   0.013451 
-2.1   -1.6   25   30   0.975176   0.007177   0.007177 
-2.1   -1.6   30   35   0.986469   0.002698   0.002698 
-2.1   -1.6   35   40   0.985698   0.001277   0.001277 
-2.1   -1.6   40   45   0.985224   0.001796   0.001796 
-2.1   -1.6   45   50   0.987042   0.002139   0.002139 
-2.1   -1.6   50   55   0.983455   0.002851   0.002851 
-2.1   -1.6   55   60   0.990781   0.005951   0.005951 
-2.1   -1.6   60   120   0.987995   0.004104   0.004104 
-1.6   -1.2   10   15   0.881318   0.129214   0.129214 
-1.6   -1.2   15   20   1.001107   0.051783   0.051783 
-1.6   -1.2   20   25   0.984838   0.012236   0.012236 
-1.6   -1.2   25   30   0.982342   0.012423   0.012423 
-1.6   -1.2   30   35   0.992475   0.006996   0.006996 
-1.6   -1.2   35   40   0.994226   0.001751   0.001751 
-1.6   -1.2   40   45   0.996879   0.002320   0.002320 
-1.6   -1.2   45   50   0.995761   0.003272   0.003272 
-1.6   -1.2   50   55   0.994703   0.006874   0.006874 
-1.6   -1.2   55   60   0.986146   0.009265   0.009265 
-1.6   -1.2   60   120   0.980450   0.013152   0.013152 
-1.2   -0.9   10   15   0.884804   0.132073   0.132073 
-1.2   -0.9   15   20   0.992586   0.104934   0.104934 
-1.2   -0.9   20   25   0.977902   0.022935   0.022935 
-1.2   -0.9   25   30   0.986057   0.010779   0.010779 
-1.2   -0.9   30   35   0.989643   0.003906   0.003906 
-1.2   -0.9   35   40   0.993523   0.006705   0.006705 
-1.2   -0.9   40   45   0.991435   0.013234   0.013234 
-1.2   -0.9   45   50   0.994441   0.002247   0.002247 
-1.2   -0.9   50   55   0.996981   0.002894   0.002894 
-1.2   -0.9   55   60   0.995358   0.009274   0.009274 
-1.2   -0.9   60   120   0.973655   0.062821   0.062821 
-0.9   -0.3   10   15   0.919637   0.104067   0.104067 
-0.9   -0.3   15   20   1.016023   0.063514   0.063514 
-0.9   -0.3   20   25   0.987184   0.030407   0.030407 
-0.9   -0.3   25   30   0.984125   0.009161   0.009161 
-0.9   -0.3   30   35   0.989189   0.005108   0.005108 
-0.9   -0.3   35   40   0.993729   0.012061   0.012061 
-0.9   -0.3   40   45   0.994063   0.014015   0.014015 
-0.9   -0.3   45   50   0.994635   0.002540   0.002540 
-0.9   -0.3   50   55   0.996734   0.004085   0.004085 
-0.9   -0.3   55   60   0.990862   0.004348   0.004348 
-0.9   -0.3   60   120   0.985658   0.009677   0.009677 
-0.3   -0.2   10   15   1.278640   0.528214   0.528214 
-0.3   -0.2   15   20   0.962960   0.116150   0.116150 
-0.3   -0.2   20   25   0.966752   0.030013   0.030013 
-0.3   -0.2   25   30   0.968980   0.018420   0.018420 
-0.3   -0.2   30   35   0.976371   0.005359   0.005359 
-0.3   -0.2   35   40   0.981748   0.005939   0.005939 
-0.3   -0.2   40   45   0.982764   0.004486   0.004486 
-0.3   -0.2   45   50   0.984577   0.006146   0.006146 
-0.3   -0.2   50   55   0.985026   0.011895   0.011895 
-0.3   -0.2   55   60   0.977359   0.010866   0.010866 
-0.3   -0.2   60   120   0.973846   0.024512   0.024512 
-0.2   0.2   10   15   1.110356   0.220244   0.220244 
-0.2   0.2   15   20   1.028266   0.070468   0.070468 
-0.2   0.2   20   25   0.960868   0.029612   0.029612 
-0.2   0.2   25   30   0.979459   0.008307   0.008307 
-0.2   0.2   30   35   0.981861   0.006371   0.006371 
-0.2   0.2   35   40   0.988507   0.003733   0.003733 
-0.2   0.2   40   45   0.990824   0.003162   0.003162 
-0.2   0.2   45   50   0.994067   0.011503   0.011503 
-0.2   0.2   50   55   0.995259   0.004705   0.004705 
-0.2   0.2   55   60   0.996400   0.008899   0.008899 
-0.2   0.2   60   120   0.985372   0.086581   0.086581 
0.2   0.3   10   15   1.248771   0.359737   0.359737 
0.2   0.3   15   20   0.894219   0.081767   0.081767 
0.2   0.3   20   25   0.947231   0.031578   0.031578 
0.2   0.3   25   30   0.977657   0.014924   0.014924 
0.2   0.3   30   35   0.973003   0.013116   0.013116 
0.2   0.3   35   40   0.985393   0.004114   0.004114 
0.2   0.3   40   45   0.986367   0.004545   0.004545 
0.2   0.3   45   50   0.984437   0.004498   0.004498 
0.2   0.3   50   55   0.989812   0.007912   0.007912 
0.2   0.3   55   60   0.972084   0.015049   0.015049 
0.2   0.3   60   120   0.989323   0.012472   0.012472 
0.3   0.9   10   15   0.985277   0.078297   0.078297 
0.3   0.9   15   20   0.965876   0.097312   0.097312 
0.3   0.9   20   25   0.977616   0.038788   0.038788 
0.3   0.9   25   30   0.991067   0.011340   0.011340 
0.3   0.9   30   35   0.990020   0.002401   0.002401 
0.3   0.9   35   40   0.996052   0.002406   0.002406 
0.3   0.9   40   45   0.996327   0.002574   0.002574 
0.3   0.9   45   50   0.995842   0.002300   0.002300 
0.3   0.9   50   55   0.995120   0.002603   0.002603 
0.3   0.9   55   60   0.987692   0.010507   0.010507 
0.3   0.9   60   120   0.989495   0.004508   0.004508 
0.9   1.2   10   15   0.818041   0.269144   0.269144 
0.9   1.2   15   20   0.989306   0.028417   0.028417 
0.9   1.2   20   25   0.987043   0.025324   0.025324 
0.9   1.2   25   30   0.994690   0.013642   0.013642 
0.9   1.2   30   35   0.995909   0.003236   0.003236 
0.9   1.2   35   40   0.989776   0.001354   0.001354 
0.9   1.2   40   45   0.992733   0.012083   0.012083 
0.9   1.2   45   50   0.993900   0.002776   0.002776 
0.9   1.2   50   55   0.992909   0.005334   0.005334 
0.9   1.2   55   60   0.985580   0.007440   0.007440 
0.9   1.2   60   120   0.980931   0.012239   0.012239 
1.2   1.6   10   15   0.836994   0.320463   0.320463 
1.2   1.6   15   20   0.996624   0.041642   0.041642 
1.2   1.6   20   25   0.973271   0.055242   0.055242 
1.2   1.6   25   30   0.997430   0.024431   0.024431 
1.2   1.6   30   35   0.994618   0.003922   0.003922 
1.2   1.6   35   40   0.993306   0.002403   0.002403 
1.2   1.6   40   45   0.993087   0.002396   0.002396 
1.2   1.6   45   50   0.996372   0.003328   0.003328 
1.2   1.6   50   55   0.991759   0.013081   0.013081 
1.2   1.6   55   60   0.960177   0.024510   0.024510 
1.2   1.6   60   120   0.929491   0.134770   0.134770 
1.6   2.1   10   15   0.934898   0.078706   0.078706 
1.6   2.1   15   20   0.973869   0.015074   0.015074 
1.6   2.1   20   25   0.968053   0.015106   0.015106 
1.6   2.1   25   30   0.978930   0.007847   0.007847 
1.6   2.1   30   35   0.989505   0.001569   0.001569 
1.6   2.1   35   40   0.989627   0.001674   0.001674 
1.6   2.1   40   45   0.991144   0.001889   0.001889 
1.6   2.1   45   50   0.991830   0.003077   0.003077 
1.6   2.1   50   55   0.986132   0.007766   0.007766 
1.6   2.1   55   60   0.993660   0.006179   0.006179 
1.6   2.1   60   120   0.960839   0.044900   0.044900 
2.1   2.4   10   15   0.917667   0.024067   0.024067 
2.1   2.4   15   20   0.926288   0.020470   0.020470 
2.1   2.4   20   25   0.951595   0.018174   0.018174 
2.1   2.4   25   30   0.959105   0.007951   0.007951 
2.1   2.4   30   35   0.962365   0.004311   0.004311 
2.1   2.4   35   40   0.971926   0.004978   0.004978 
2.1   2.4   40   45   0.972318   0.004610   0.004610 
2.1   2.4   45   50   0.969877   0.003222   0.003222 
2.1   2.4   50   55   0.975889   0.006930   0.006930 
2.1   2.4   55   60   0.968994   0.017587   0.017587 
2.1   2.4   60   120   0.976829   0.021600   0.021600 
